upper,effects,lower,ate,ate_l,ate_u
-18791.888824338035,-30115.369043161405,-41438.849261984775,-15072.195589905368,-11103.147734959082,-19041.243444851654
-18791.888824338035,-30115.369043161405,-41438.849261984775,-15072.195589905368,-11103.147734959082,-19041.243444851654
-18791.888824338035,-30115.369043161405,-41438.849261984775,-15072.195589905368,-11103.147734959082,-19041.243444851654
-18791.888824338035,-30115.369043161405,-41438.849261984775,-15072.195589905368,-11103.147734959082,-19041.243444851654
-18791.888824338035,-30115.369043161405,-41438.849261984775,-15072.195589905368,-11103.147734959082,-19041.243444851654
-18791.888824338035,-30115.369043161405,-41438.849261984775,-15072.195589905368,-11103.147734959082,-19041.243444851654
-18791.888824338035,-30115.369043161405,-41438.849261984775,-15072.195589905368,-11103.147734959082,-19041.243444851654
-18791.888824338035,-30115.369043161405,-41438.849261984775,-15072.195589905368,-11103.147734959082,-19041.243444851654
-18791.888824338035,-30115.369043161405,-41438.849261984775,-15072.195589905368,-11103.147734959082,-19041.243444851654
-18791.888824338035,-30115.369043161405,-41438.849261984775,-15072.195589905368,-11103.147734959082,-19041.243444851654
-18791.888824338035,-30115.369043161405,-41438.849261984775,-15072.195589905368,-11103.147734959082,-19041.243444851654
-18791.888824338035,-30115.369043161405,-41438.849261984775,-15072.195589905368,-11103.147734959082,-19041.243444851654
-18791.888824338035,-30115.369043161405,-41438.849261984775,-15072.195589905368,-11103.147734959082,-19041.243444851654
-18791.888824338035,-30115.369043161405,-41438.849261984775,-15072.195589905368,-11103.147734959082,-19041.243444851654
-18791.888824338035,-30115.369043161405,-41438.849261984775,-15072.195589905368,-11103.147734959082,-19041.243444851654
-18791.888824338035,-30115.369043161405,-41438.849261984775,-15072.195589905368,-11103.147734959082,-19041.243444851654
-18791.888824338035,-30115.369043161405,-41438.849261984775,-15072.195589905368,-11103.147734959082,-19041.243444851654
-18791.888824338035,-30115.369043161405,-41438.849261984775,-15072.195589905368,-11103.147734959082,-19041.243444851654
-18791.888824338035,-30115.369043161405,-41438.849261984775,-15072.195589905368,-11103.147734959082,-19041.243444851654
-18791.888824338035,-30115.369043161405,-41438.849261984775,-15072.195589905368,-11103.147734959082,-19041.243444851654
-18791.888824338035,-30115.369043161405,-41438.849261984775,-15072.195589905368,-11103.147734959082,-19041.243444851654
-18791.888824338035,-30115.369043161405,-41438.849261984775,-15072.195589905368,-11103.147734959082,-19041.243444851654
-18791.888824338035,-30115.369043161405,-41438.849261984775,-15072.195589905368,-11103.147734959082,-19041.243444851654
-18791.888824338035,-30115.369043161405,-41438.849261984775,-15072.195589905368,-11103.147734959082,-19041.243444851654
-18791.888824338035,-30115.369043161405,-41438.849261984775,-15072.195589905368,-11103.147734959082,-19041.243444851654
-18791.888824338035,-30115.369043161405,-41438.849261984775,-15072.195589905368,-11103.147734959082,-19041.243444851654
-18791.888824338035,-30115.369043161405,-41438.849261984775,-15072.195589905368,-11103.147734959082,-19041.243444851654
-18791.888824338035,-30115.369043161405,-41438.849261984775,-15072.195589905368,-11103.147734959082,-19041.243444851654
-18791.888824338035,-30115.369043161405,-41438.849261984775,-15072.195589905368,-11103.147734959082,-19041.243444851654
-18791.888824338035,-30115.369043161405,-41438.849261984775,-15072.195589905368,-11103.147734959082,-19041.243444851654
-18791.888824338035,-30115.369043161405,-41438.849261984775,-15072.195589905368,-11103.147734959082,-19041.243444851654
-18791.888824338035,-30115.369043161405,-41438.849261984775,-15072.195589905368,-11103.147734959082,-19041.243444851654
-18791.888824338035,-30115.369043161405,-41438.849261984775,-15072.195589905368,-11103.147734959082,-19041.243444851654
-18791.888824338035,-30115.369043161405,-41438.849261984775,-15072.195589905368,-11103.147734959082,-19041.243444851654
-18791.888824338035,-30115.369043161405,-41438.849261984775,-15072.195589905368,-11103.147734959082,-19041.243444851654
-18791.888824338035,-30115.369043161405,-41438.849261984775,-15072.195589905368,-11103.147734959082,-19041.243444851654
-18791.888824338035,-30115.369043161405,-41438.849261984775,-15072.195589905368,-11103.147734959082,-19041.243444851654
-18791.888824338035,-30115.369043161405,-41438.849261984775,-15072.195589905368,-11103.147734959082,-19041.243444851654
-18791.888824338035,-30115.369043161405,-41438.849261984775,-15072.195589905368,-11103.147734959082,-19041.243444851654
-18791.888824338035,-30115.369043161405,-41438.849261984775,-15072.195589905368,-11103.147734959082,-19041.243444851654
-18791.888824338035,-30115.369043161405,-41438.849261984775,-15072.195589905368,-11103.147734959082,-19041.243444851654
-18791.888824338035,-30115.369043161405,-41438.849261984775,-15072.195589905368,-11103.147734959082,-19041.243444851654
-18791.888824338035,-30115.369043161405,-41438.849261984775,-15072.195589905368,-11103.147734959082,-19041.243444851654
-18791.888824338035,-30115.369043161405,-41438.849261984775,-15072.195589905368,-11103.147734959082,-19041.243444851654
-18791.888824338035,-30115.369043161405,-41438.849261984775,-15072.195589905368,-11103.147734959082,-19041.243444851654
-18791.888824338035,-30115.369043161405,-41438.849261984775,-15072.195589905368,-11103.147734959082,-19041.243444851654
-18791.888824338035,-30115.369043161405,-41438.849261984775,-15072.195589905368,-11103.147734959082,-19041.243444851654
-18791.888824338035,-30115.369043161405,-41438.849261984775,-15072.195589905368,-11103.147734959082,-19041.243444851654
-18714.358316165562,-30032.866411363113,-41351.37450656066,-15072.195589905368,-11103.147734959082,-19041.243444851654
-18665.118796031315,-29966.43971182628,-41267.76062762125,-15072.195589905368,-11103.147734959082,-19041.243444851654
-18587.52911852765,-29904.56236015854,-41221.59560178943,-15072.195589905368,-11103.147734959082,-19041.243444851654
-18522.484665404932,-29851.742237209386,-41180.99980901384,-15072.195589905368,-11103.147734959082,-19041.243444851654
-18508.06031516522,-29799.90301265056,-41091.7457101359,-15072.195589905368,-11103.147734959082,-19041.243444851654
-18503.172019168007,-29747.941997469505,-40992.711975771,-15072.195589905368,-11103.147734959082,-19041.243444851654
-18462.536197188852,-29695.852453030457,-40929.168708872065,-15072.195589905368,-11103.147734959082,-19041.243444851654
-18441.193876123794,-29644.19508764642,-40847.19629916905,-15072.195589905368,-11103.147734959082,-19041.243444851654
-18403.95537890249,-29593.74851437621,-40783.541649849925,-15072.195589905368,-11103.147734959082,-19041.243444851654
-18383.283724495013,-29543.73019900008,-40704.17667350515,-15072.195589905368,-11103.147734959082,-19041.243444851654
-18339.195523943723,-29493.8154206207,-40648.43531729768,-15072.195589905368,-11103.147734959082,-19041.243444851654
-18308.772847923985,-29445.536741239233,-40582.300634554485,-15072.195589905368,-11103.147734959082,-19041.243444851654
-18226.638688100273,-29397.17083125102,-40567.702974401764,-15072.195589905368,-11103.147734959082,-19041.243444851654
-18135.988448686243,-29348.542504913275,-40561.09656114031,-15072.195589905368,-11103.147734959082,-19041.243444851654
-18068.03272553424,-29301.708126725098,-40535.383527915954,-15072.195589905368,-11103.147734959082,-19041.243444851654
-17980.94748467562,-29254.790114641353,-40528.632744607086,-15072.195589905368,-11103.147734959082,-19041.243444851654
-17938.12103662175,-29208.267985589206,-40478.41493455666,-15072.195589905368,-11103.147734959082,-19041.243444851654
-17891.400902567497,-29162.66299616049,-40433.92508975348,-15072.195589905368,-11103.147734959082,-19041.243444851654
-17848.306329652816,-29118.186487632796,-40388.06664561278,-15072.195589905368,-11103.147734959082,-19041.243444851654
-17834.03763154737,-29074.09620713231,-40314.15478271725,-15072.195589905368,-11103.147734959082,-19041.243444851654
-17765.520070384293,-29030.495319667978,-40295.47056895166,-15072.195589905368,-11103.147734959082,-19041.243444851654
-17748.604752372998,-28986.485767876813,-40224.366783380625,-15072.195589905368,-11103.147734959082,-19041.243444851654
-17699.63786646697,-28941.692081639274,-40183.74629681158,-15072.195589905368,-11103.147734959082,-19041.243444851654
-17633.24626929969,-28896.52905261831,-40159.811835936925,-15072.195589905368,-11103.147734959082,-19041.243444851654
-17595.595407698424,-28851.531437652426,-40107.46746760643,-15072.195589905368,-11103.147734959082,-19041.243444851654
-17529.28773109355,-28806.654433156145,-40084.02113521874,-15072.195589905368,-11103.147734959082,-19041.243444851654
-17487.711677171534,-28761.28268990148,-40034.85370263143,-15072.195589905368,-11103.147734959082,-19041.243444851654
-17452.741514197183,-28716.713108963355,-39980.68470372952,-15072.195589905368,-11103.147734959082,-19041.243444851654
-17385.736556590207,-28672.248334446347,-39958.76011230249,-15072.195589905368,-11103.147734959082,-19041.243444851654
-17320.095715348398,-28627.460409831296,-39934.82510431419,-15072.195589905368,-11103.147734959082,-19041.243444851654
-17259.102880550607,-28582.492742802195,-39905.88260505378,-15072.195589905368,-11103.147734959082,-19041.243444851654
-17229.788330761436,-28538.238406527395,-39846.68848229335,-15072.195589905368,-11103.147734959082,-19041.243444851654
-17226.853971297256,-28493.809692873485,-39760.765414449714,-15072.195589905368,-11103.147734959082,-19041.243444851654
-17238.301089198147,-28449.748484278152,-39661.19587935816,-15072.195589905368,-11103.147734959082,-19041.243444851654
-17204.328954711655,-28405.174219191565,-39606.01948367148,-15072.195589905368,-11103.147734959082,-19041.243444851654
-17184.982184108565,-28360.577357539194,-39536.17253096982,-15072.195589905368,-11103.147734959082,-19041.243444851654
-17149.11036698964,-28314.54025096406,-39479.97013493848,-15072.195589905368,-11103.147734959082,-19041.243444851654
-17124.63040264207,-28267.314969316998,-39409.99953599193,-15072.195589905368,-11103.147734959082,-19041.243444851654
-17092.856761340445,-28220.349311695347,-39347.84186205025,-15072.195589905368,-11103.147734959082,-19041.243444851654
-17033.22953793217,-28172.80654733738,-39312.383556742585,-15072.195589905368,-11103.147734959082,-19041.243444851654
-17017.386971929325,-28126.096932003587,-39234.806892077846,-15072.195589905368,-11103.147734959082,-19041.243444851654
-16975.459271459193,-28079.931520369824,-39184.403769280456,-15072.195589905368,-11103.147734959082,-19041.243444851654
-16943.329189997552,-28033.95758191951,-39124.585973841466,-15072.195589905368,-11103.147734959082,-19041.243444851654
-16912.172165330834,-27987.784452449538,-39063.39673956824,-15072.195589905368,-11103.147734959082,-19041.243444851654
-16867.272632249107,-27941.02418727443,-39014.77574229975,-15072.195589905368,-11103.147734959082,-19041.243444851654
-16808.097468833963,-27894.62700352733,-38981.1565382207,-15072.195589905368,-11103.147734959082,-19041.243444851654
-16790.193225208135,-27849.385520866465,-38908.57781652479,-15072.195589905368,-11103.147734959082,-19041.243444851654
-16759.206315259922,-27804.53748523821,-38849.868655216495,-15072.195589905368,-11103.147734959082,-19041.243444851654
-16721.03447542958,-27759.102108839164,-38797.16974224875,-15072.195589905368,-11103.147734959082,-19041.243444851654
-16667.462846884388,-27713.52533589949,-38759.58782491459,-15072.195589905368,-11103.147734959082,-19041.243444851654
-16588.960078151365,-27668.08988629153,-38747.2196944317,-15072.195589905368,-11103.147734959082,-19041.243444851654
-16545.2420658252,-27622.79916028578,-38700.35625474636,-15072.195589905368,-11103.147734959082,-19041.243444851654
-16514.679483880365,-27577.305069692404,-38639.930655504446,-15072.195589905368,-11103.147734959082,-19041.243444851654
-16447.630404651492,-27532.410905147673,-38617.191405643855,-15072.195589905368,-11103.147734959082,-19041.243444851654
-16415.201496065325,-27486.42085171785,-38557.64020737037,-15072.195589905368,-11103.147734959082,-19041.243444851654
-16369.492638052225,-27440.364835216194,-38511.237032380166,-15072.195589905368,-11103.147734959082,-19041.243444851654
-16294.901537521439,-27393.929841879177,-38492.95814623692,-15072.195589905368,-11103.147734959082,-19041.243444851654
-16250.248367363209,-27348.417500926364,-38446.58663448952,-15072.195589905368,-11103.147734959082,-19041.243444851654
-16192.688727131188,-27303.528339867327,-38414.36795260347,-15072.195589905368,-11103.147734959082,-19041.243444851654
-16154.093202600623,-27259.29755743665,-38364.50191227268,-15072.195589905368,-11103.147734959082,-19041.243444851654
-16106.86196302597,-27213.26427404422,-38319.66658506247,-15072.195589905368,-11103.147734959082,-19041.243444851654
-16068.407418068879,-27167.03473700461,-38265.662055940345,-15072.195589905368,-11103.147734959082,-19041.243444851654
-16037.170579010064,-27120.347983595268,-38203.52538818047,-15072.195589905368,-11103.147734959082,-19041.243444851654
-15996.123465328748,-27073.381133402294,-38150.63880147584,-15072.195589905368,-11103.147734959082,-19041.243444851654
-15955.714064275364,-27026.290347377206,-38096.866630479046,-15072.195589905368,-11103.147734959082,-19041.243444851654
-15934.997849357793,-26979.29530473943,-38023.592760121064,-15072.195589905368,-11103.147734959082,-19041.243444851654
-15867.264736877423,-26931.957706783145,-37996.65067668886,-15072.195589905368,-11103.147734959082,-19041.243444851654
-15804.815476761998,-26885.26856491319,-37965.72165306438,-15072.195589905368,-11103.147734959082,-19041.243444851654
-15812.883723694293,-26839.06018983097,-37865.236655967645,-15072.195589905368,-11103.147734959082,-19041.243444851654
-15787.617904755409,-26794.344436775726,-37801.07096879604,-15072.195589905368,-11103.147734959082,-19041.243444851654
-15787.914851422616,-26749.493575931207,-37711.072300439795,-15072.195589905368,-11103.147734959082,-19041.243444851654
-15766.872937660664,-26705.3323881787,-37643.791838696736,-15072.195589905368,-11103.147734959082,-19041.243444851654
-15725.22627088491,-26660.66398270111,-37596.10169451731,-15072.195589905368,-11103.147734959082,-19041.243444851654
-15688.902050176914,-26616.596488396157,-37544.2909266154,-15072.195589905368,-11103.147734959082,-19041.243444851654
-15655.73316112835,-26572.292276305456,-37488.85139148256,-15072.195589905368,-11103.147734959082,-19041.243444851654
-15621.155541895238,-26527.916134789735,-37434.67672768423,-15072.195589905368,-11103.147734959082,-19041.243444851654
-15546.655524913725,-26483.517240004214,-37420.378955094704,-15072.195589905368,-11103.147734959082,-19041.243444851654
-15504.927813049131,-26438.975539306615,-37373.0232655641,-15072.195589905368,-11103.147734959082,-19041.243444851654
-15499.748542598896,-26394.336014055636,-37288.92348551238,-15072.195589905368,-11103.147734959082,-19041.243444851654
-15478.811884034878,-26349.43844200097,-37220.064999967064,-15072.195589905368,-11103.147734959082,-19041.243444851654
-15437.519833143902,-26304.471138035915,-37171.42244292793,-15072.195589905368,-11103.147734959082,-19041.243444851654
-15436.823133400363,-26259.035624918888,-37081.24811643741,-15072.195589905368,-11103.147734959082,-19041.243444851654
-15415.06073307093,-26213.96248172337,-37012.86423037581,-15072.195589905368,-11103.147734959082,-19041.243444851654
-15335.767666338392,-26168.870197729266,-37001.97272912014,-15072.195589905368,-11103.147734959082,-19041.243444851654
-15334.9794097273,-26124.20332270346,-36913.427235679614,-15072.195589905368,-11103.147734959082,-19041.243444851654
-15286.042966790408,-26079.581196316594,-36873.11942584278,-15072.195589905368,-11103.147734959082,-19041.243444851654
-15305.442495666512,-26034.766076362645,-36764.08965705878,-15072.195589905368,-11103.147734959082,-19041.243444851654
-15264.185435561132,-25990.1765621439,-36716.167688726666,-15072.195589905368,-11103.147734959082,-19041.243444851654
-15204.156138542361,-25945.047733052157,-36685.93932756195,-15072.195589905368,-11103.147734959082,-19041.243444851654
-15182.085778835257,-25900.281142529184,-36618.47650622311,-15072.195589905368,-11103.147734959082,-19041.243444851654
-15153.756821279232,-25857.99481763111,-36562.23281398299,-15072.195589905368,-11103.147734959082,-19041.243444851654
-15089.170689476668,-25816.78941534617,-36544.408141215674,-15072.195589905368,-11103.147734959082,-19041.243444851654
-15089.347381522355,-25776.391410875072,-36463.43544022779,-15072.195589905368,-11103.147734959082,-19041.243444851654
-15026.489261017901,-25736.9805039112,-36447.4717468045,-15072.195589905368,-11103.147734959082,-19041.243444851654
-14954.029501209776,-25697.660920792066,-36441.292340374355,-15072.195589905368,-11103.147734959082,-19041.243444851654
-14950.28068709288,-25658.45012320257,-36366.619559312254,-15072.195589905368,-11103.147734959082,-19041.243444851654
-14939.796794537036,-25619.84355533974,-36299.89031614244,-15072.195589905368,-11103.147734959082,-19041.243444851654
-14937.472736824227,-25581.623141983764,-36225.7735471433,-15072.195589905368,-11103.147734959082,-19041.243444851654
-14894.812868125004,-25543.576119392113,-36192.339370659225,-15072.195589905368,-11103.147734959082,-19041.243444851654
-14827.726948990852,-25505.486803659747,-36183.246658328644,-15072.195589905368,-11103.147734959082,-19041.243444851654
-14755.027703306178,-25467.841202996897,-36180.654702687614,-15072.195589905368,-11103.147734959082,-19041.243444851654
-14764.34163220358,-25430.672739310525,-36097.00384641747,-15072.195589905368,-11103.147734959082,-19041.243444851654
-14726.656783387576,-25394.001553454367,-36061.34632352116,-15072.195589905368,-11103.147734959082,-19041.243444851654
-14674.404333445824,-25356.964062482126,-36039.523791518426,-15072.195589905368,-11103.147734959082,-19041.243444851654
-14600.369460739175,-25320.36293440382,-36040.35640806847,-15072.195589905368,-11103.147734959082,-19041.243444851654
-14591.329282144126,-25283.860256960535,-35976.39123177694,-15072.195589905368,-11103.147734959082,-19041.243444851654
-14536.03662720914,-25248.007704493306,-35959.97878177747,-15072.195589905368,-11103.147734959082,-19041.243444851654
-14514.289040613156,-25211.905426568723,-35909.52181252429,-15072.195589905368,-11103.147734959082,-19041.243444851654
-14533.178412786567,-25176.25702297562,-35819.33563316467,-15072.195589905368,-11103.147734959082,-19041.243444851654
-14515.244485157351,-25140.781056927386,-35766.31762869742,-15072.195589905368,-11103.147734959082,-19041.243444851654
-14502.288591903038,-25105.446922217525,-35708.60525253201,-15072.195589905368,-11103.147734959082,-19041.243444851654
-14501.158762074838,-25070.12234957881,-35639.08593708278,-15072.195589905368,-11103.147734959082,-19041.243444851654
-14467.910862026829,-25034.792003110968,-35601.673144195105,-15072.195589905368,-11103.147734959082,-19041.243444851654
-14431.91939483113,-24999.933969208196,-35567.94854358526,-15072.195589905368,-11103.147734959082,-19041.243444851654
-14399.431207803796,-24965.057904978657,-35530.68460215352,-15072.195589905368,-11103.147734959082,-19041.243444851654
-14384.950277616726,-24930.40644454768,-35475.86261147863,-15072.195589905368,-11103.147734959082,-19041.243444851654
-14337.87413248582,-24896.28477917986,-35454.6954258739,-15072.195589905368,-11103.147734959082,-19041.243444851654
-14317.069190197213,-24862.831929748958,-35408.5946693007,-15072.195589905368,-11103.147734959082,-19041.243444851654
-14320.37014604707,-24828.93044485119,-35337.49074365531,-15072.195589905368,-11103.147734959082,-19041.243444851654
-14294.296182835331,-24795.314057116793,-35296.33193139826,-15072.195589905368,-11103.147734959082,-19041.243444851654
-14275.747088815837,-24762.02539781539,-35248.30370681494,-15072.195589905368,-11103.147734959082,-19041.243444851654
-14223.371100367865,-24729.312502445657,-35235.253904523444,-15072.195589905368,-11103.147734959082,-19041.243444851654
-14184.379381632029,-24696.779988216793,-35209.18059480155,-15072.195589905368,-11103.147734959082,-19041.243444851654
-14127.49077513697,-24663.81101845842,-35200.13126177987,-15072.195589905368,-11103.147734959082,-19041.243444851654
-14119.28381845912,-24631.071617790927,-35142.85941712273,-15072.195589905368,-11103.147734959082,-19041.243444851654
-14095.888257315979,-24598.42535970242,-35100.962462088864,-15072.195589905368,-11103.147734959082,-19041.243444851654
-14087.98434774542,-24566.43036212971,-35044.876376514,-15072.195589905368,-11103.147734959082,-19041.243444851654
-14005.637589978087,-24534.520452976973,-35063.403315975855,-15072.195589905368,-11103.147734959082,-19041.243444851654
-13935.940019628597,-24502.736245913933,-35069.532472199266,-15072.195589905368,-11103.147734959082,-19041.243444851654
-13915.828703658259,-24471.457729555208,-35027.086755452154,-15072.195589905368,-11103.147734959082,-19041.243444851654
-13893.542005665473,-24440.12097160027,-34986.69993753507,-15072.195589905368,-11103.147734959082,-19041.243444851654
-13864.66523467699,-24410.31193837265,-34955.95864206831,-15072.195589905368,-11103.147734959082,-19041.243444851654
-13854.867737101802,-24381.831042986847,-34908.79434887189,-15072.195589905368,-11103.147734959082,-19041.243444851654
-13836.479072110902,-24353.343041855518,-34870.207011600134,-15072.195589905368,-11103.147734959082,-19041.243444851654
-13810.317881757974,-24325.24740601057,-34840.176930263166,-15072.195589905368,-11103.147734959082,-19041.243444851654
-13749.226423438675,-24297.53261592976,-34845.83880842084,-15072.195589905368,-11103.147734959082,-19041.243444851654
-13732.727351289403,-24269.70995748578,-34806.692563682154,-15072.195589905368,-11103.147734959082,-19041.243444851654
-13664.701039601478,-24241.90400791162,-34819.10697622177,-15072.195589905368,-11103.147734959082,-19041.243444851654
-13608.820162171063,-24214.2668895885,-34819.71361700594,-15072.195589905368,-11103.147734959082,-19041.243444851654
-13596.394251281932,-24187.249824369064,-34778.105397456195,-15072.195589905368,-11103.147734959082,-19041.243444851654
-13588.250144582425,-24160.30603243027,-34732.36192027812,-15072.195589905368,-11103.147734959082,-19041.243444851654
-13545.528228296087,-24133.3026262872,-34721.07702427832,-15072.195589905368,-11103.147734959082,-19041.243444851654
-13517.21943907126,-24105.878829698515,-34694.53822032577,-15072.195589905368,-11103.147734959082,-19041.243444851654
-13518.58051534145,-24079.02319838771,-34639.46588143397,-15072.195589905368,-11103.147734959082,-19041.243444851654
-13474.441813810832,-24052.417014855208,-34630.392215899585,-15072.195589905368,-11103.147734959082,-19041.243444851654
-13467.770235983278,-24025.746159393348,-34583.72208280342,-15072.195589905368,-11103.147734959082,-19041.243444851654
-13451.180643370766,-23999.13994079064,-34547.09923821051,-15072.195589905368,-11103.147734959082,-19041.243444851654
-13438.325529137008,-23972.920232545963,-34507.51493595492,-15072.195589905368,-11103.147734959082,-19041.243444851654
-13455.043516761687,-23946.80170842048,-34438.55990007927,-15072.195589905368,-11103.147734959082,-19041.243444851654
-13442.731730462456,-23921.86640150275,-34401.00107254305,-15072.195589905368,-11103.147734959082,-19041.243444851654
-13438.649464802245,-23896.43200332561,-34354.21454184898,-15072.195589905368,-11103.147734959082,-19041.243444851654
-13468.206103574787,-23871.34527533634,-34274.4844470979,-15072.195589905368,-11103.147734959082,-19041.243444851654
-13496.95200656683,-23846.542058739582,-34196.13211091234,-15072.195589905368,-11103.147734959082,-19041.243444851654
-13481.049977510129,-23821.807999429388,-34162.56602134865,-15072.195589905368,-11103.147734959082,-19041.243444851654
-13469.650276054252,-23797.13181297723,-34124.61334990021,-15072.195589905368,-11103.147734959082,-19041.243444851654
-13467.09952198878,-23774.35244795346,-34081.60537391814,-15072.195589905368,-11103.147734959082,-19041.243444851654
-13443.709275964507,-23751.544690900246,-34059.38010583598,-15072.195589905368,-11103.147734959082,-19041.243444851654
-13443.539399901678,-23728.987887626183,-34014.43637535069,-15072.195589905368,-11103.147734959082,-19041.243444851654
-13379.9104478324,-23706.585312275718,-34033.260176719035,-15072.195589905368,-11103.147734959082,-19041.243444851654
-13349.30745528977,-23684.15060556281,-34018.99375583585,-15072.195589905368,-11103.147734959082,-19041.243444851654
-13307.756413646594,-23661.617592715673,-34015.47877178475,-15072.195589905368,-11103.147734959082,-19041.243444851654
-13327.79324958593,-23639.391333368185,-33950.98941715044,-15072.195589905368,-11103.147734959082,-19041.243444851654
-13316.239844436213,-23617.95840878508,-33919.67697313395,-15072.195589905368,-11103.147734959082,-19041.243444851654
-13273.550218009552,-23596.824873423862,-33920.099528838175,-15072.195589905368,-11103.147734959082,-19041.243444851654
-13253.014889700957,-23575.611712875543,-33898.20853605013,-15072.195589905368,-11103.147734959082,-19041.243444851654
-13224.868641364908,-23554.54755686015,-33884.226472355396,-15072.195589905368,-11103.147734959082,-19041.243444851654
-13169.501677854174,-23533.425862618526,-33897.350047382875,-15072.195589905368,-11103.147734959082,-19041.243444851654
-13171.718750941469,-23512.61513284196,-33853.51151474245,-15072.195589905368,-11103.147734959082,-19041.243444851654
-13127.416464180991,-23491.960353221064,-33856.50424226114,-15072.195589905368,-11103.147734959082,-19041.243444851654
-13135.52413771327,-23471.096209893643,-33806.66828207402,-15072.195589905368,-11103.147734959082,-19041.243444851654
-13080.141231893405,-23450.333608621197,-33820.525985348984,-15072.195589905368,-11103.147734959082,-19041.243444851654
-13088.928444537773,-23429.566419952997,-33770.20439536822,-15072.195589905368,-11103.147734959082,-19041.243444851654
-13080.020425928673,-23408.775220551022,-33737.53001517337,-15072.195589905368,-11103.147734959082,-19041.243444851654
-13063.098297642331,-23388.11099649211,-33713.123695341885,-15072.195589905368,-11103.147734959082,-19041.243444851654
-13028.11955330569,-23367.98442789072,-33707.84930247575,-15072.195589905368,-11103.147734959082,-19041.243444851654
-12971.961572299835,-23348.530765943575,-33725.099959587315,-15072.195589905368,-11103.147734959082,-19041.243444851654
-12970.007561234712,-23329.55433099237,-33689.10110075003,-15072.195589905368,-11103.147734959082,-19041.243444851654
-12940.167800211388,-23310.47933616237,-33680.79087211336,-15072.195589905368,-11103.147734959082,-19041.243444851654
-12977.277087299815,-23291.404838671395,-33605.532590042974,-15072.195589905368,-11103.147734959082,-19041.243444851654
-12949.879616348662,-23272.176811633715,-33594.47400691877,-15072.195589905368,-11103.147734959082,-19041.243444851654
-12955.189541033282,-23252.973492761965,-33550.75744449065,-15072.195589905368,-11103.147734959082,-19041.243444851654
-12901.90160446551,-23233.961336263987,-33566.02106806246,-15072.195589905368,-11103.147734959082,-19041.243444851654
-12862.51140518681,-23214.88665468292,-33567.26190417903,-15072.195589905368,-11103.147734959082,-19041.243444851654
-12863.979094584622,-23196.197480646188,-33528.41586670776,-15072.195589905368,-11103.147734959082,-19041.243444851654
-12814.768012922737,-23177.716545341344,-33540.66507775995,-15072.195589905368,-11103.147734959082,-19041.243444851654
-12767.615066025479,-23159.598520837448,-33551.58197564942,-15072.195589905368,-11103.147734959082,-19041.243444851654
-12784.097922982432,-23142.065300008002,-33500.032677033574,-15072.195589905368,-11103.147734959082,-19041.243444851654
-12764.54256650958,-23124.53716287235,-33484.53175923512,-15072.195589905368,-11103.147734959082,-19041.243444851654
-12800.317115552276,-23106.849799293657,-33413.382483035035,-15072.195589905368,-11103.147734959082,-19041.243444851654
-12808.603953773054,-23089.322396900727,-33370.0408400284,-15072.195589905368,-11103.147734959082,-19041.243444851654
-12768.850849066717,-23071.787555870225,-33374.724262673735,-15072.195589905368,-11103.147734959082,-19041.243444851654
-12756.14677817475,-23054.22680038617,-33352.306822597595,-15072.195589905368,-11103.147734959082,-19041.243444851654
-12750.476318304161,-23036.37474990573,-33322.273181507306,-15072.195589905368,-11103.147734959082,-19041.243444851654
-12717.95479918924,-23018.8181951628,-33319.68159113636,-15072.195589905368,-11103.147734959082,-19041.243444851654
-12728.697446002501,-23000.82201208381,-33272.946578165116,-15072.195589905368,-11103.147734959082,-19041.243444851654
-12752.873361344959,-22982.25130095793,-33211.6292405709,-15072.195589905368,-11103.147734959082,-19041.243444851654
-12721.530758693942,-22963.464897588587,-33205.39903648323,-15072.195589905368,-11103.147734959082,-19041.243444851654
-12692.866007830515,-22944.108445189562,-33195.350882548606,-15072.195589905368,-11103.147734959082,-19041.243444851654
-12692.592423679489,-22925.52163955679,-33158.450855434094,-15072.195589905368,-11103.147734959082,-19041.243444851654
-12708.82030690831,-22906.190695596364,-33103.56108428442,-15072.195589905368,-11103.147734959082,-19041.243444851654
-12656.945812609938,-22886.815273792992,-33116.68473497605,-15072.195589905368,-11103.147734959082,-19041.243444851654
-12667.6045033197,-22867.510698918275,-33067.41689451685,-15072.195589905368,-11103.147734959082,-19041.243444851654
-12667.720601769024,-22848.13572114667,-33028.550840524316,-15072.195589905368,-11103.147734959082,-19041.243444851654
-12613.907345567328,-22829.2204940808,-33044.53364259427,-15072.195589905368,-11103.147734959082,-19041.243444851654
-12612.274170613371,-22810.23448378752,-33008.194796961674,-15072.195589905368,-11103.147734959082,-19041.243444851654
-12613.466887293378,-22791.4790319006,-32969.49117650782,-15072.195589905368,-11103.147734959082,-19041.243444851654
-12585.646359160855,-22772.683753098157,-32959.72114703546,-15072.195589905368,-11103.147734959082,-19041.243444851654
-12571.669303836181,-22754.06688095186,-32936.46445806754,-15072.195589905368,-11103.147734959082,-19041.243444851654
-12547.956389171497,-22735.448867138097,-32922.9413451047,-15072.195589905368,-11103.147734959082,-19041.243444851654
-12503.762035339736,-22716.97990190237,-32930.197768465005,-15072.195589905368,-11103.147734959082,-19041.243444851654
-12478.053781308668,-22698.51427439848,-32918.97476748829,-15072.195589905368,-11103.147734959082,-19041.243444851654
-12459.220217134754,-22680.064150540802,-32900.90808394685,-15072.195589905368,-11103.147734959082,-19041.243444851654
-12453.597870854406,-22662.478100217886,-32871.358329581366,-15072.195589905368,-11103.147734959082,-19041.243444851654
-12424.019211491786,-22645.37519161265,-32866.73117173351,-15072.195589905368,-11103.147734959082,-19041.243444851654
-12419.825818767236,-22628.36477876784,-32836.90373876844,-15072.195589905368,-11103.147734959082,-19041.243444851654
-12417.04698424733,-22611.150477445535,-32805.25397064374,-15072.195589905368,-11103.147734959082,-19041.243444851654
-12415.57711736389,-22594.00074072742,-32772.424364090955,-15072.195589905368,-11103.147734959082,-19041.243444851654
-12422.73417923192,-22576.678377936405,-32730.62257664089,-15072.195589905368,-11103.147734959082,-19041.243444851654
-12464.512312130852,-22559.62159987409,-32654.730887617334,-15072.195589905368,-11103.147734959082,-19041.243444851654
-12483.866622354239,-22542.58963053462,-32601.312638715004,-15072.195589905368,-11103.147734959082,-19041.243444851654
-12493.435328511685,-22525.6796911236,-32557.924053735518,-15072.195589905368,-11103.147734959082,-19041.243444851654
-12462.325957962112,-22508.836858290557,-32555.347758619002,-15072.195589905368,-11103.147734959082,-19041.243444851654
-12468.57500041803,-22492.255628832463,-32515.936257246896,-15072.195589905368,-11103.147734959082,-19041.243444851654
-12467.665608390962,-22475.758481508637,-32483.851354626313,-15072.195589905368,-11103.147734959082,-19041.243444851654
-12469.1645361576,-22459.24418512312,-32449.32383408864,-15072.195589905368,-11103.147734959082,-19041.243444851654
-12425.525899562454,-22442.96102569943,-32460.39615183641,-15072.195589905368,-11103.147734959082,-19041.243444851654
-12409.433941042453,-22426.767814700397,-32444.101688358343,-15072.195589905368,-11103.147734959082,-19041.243444851654
-12355.618302008239,-22410.403365762853,-32465.188429517468,-15072.195589905368,-11103.147734959082,-19041.243444851654
-12292.570643176636,-22394.035376431028,-32495.500109685418,-15072.195589905368,-11103.147734959082,-19041.243444851654
-12282.354770518281,-22377.797121382795,-32473.23947224731,-15072.195589905368,-11103.147734959082,-19041.243444851654
-12299.284973532085,-22361.450498435457,-32423.61602333883,-15072.195589905368,-11103.147734959082,-19041.243444851654
-12268.500697619902,-22345.181482544147,-32421.862267468394,-15072.195589905368,-11103.147734959082,-19041.243444851654
-12281.280015038097,-22328.844507294983,-32376.40899955187,-15072.195589905368,-11103.147734959082,-19041.243444851654
-12269.5444163327,-22312.131178142747,-32354.717939952796,-15072.195589905368,-11103.147734959082,-19041.243444851654
-12275.12976212575,-22295.275224241017,-32315.420686356283,-15072.195589905368,-11103.147734959082,-19041.243444851654
-12228.581261474345,-22278.380121107926,-32328.178980741508,-15072.195589905368,-11103.147734959082,-19041.243444851654
-12219.15448601841,-22261.470380228042,-32303.786274437676,-15072.195589905368,-11103.147734959082,-19041.243444851654
-12214.7469306106,-22245.33358472485,-32275.9202388391,-15072.195589905368,-11103.147734959082,-19041.243444851654
-12197.715341730342,-22229.217640804574,-32260.719939878807,-15072.195589905368,-11103.147734959082,-19041.243444851654
-12218.168607761601,-22212.856217808265,-32207.543827854926,-15072.195589905368,-11103.147734959082,-19041.243444851654
-12247.595166344765,-22196.749981843685,-32145.904797342606,-15072.195589905368,-11103.147734959082,-19041.243444851654
-12209.830708593314,-22180.704757158586,-32151.57880572386,-15072.195589905368,-11103.147734959082,-19041.243444851654
-12141.518129224032,-22164.540928583665,-32187.5637279433,-15072.195589905368,-11103.147734959082,-19041.243444851654
-12104.436922664787,-22148.407135606045,-32192.377348547303,-15072.195589905368,-11103.147734959082,-19041.243444851654
-12082.339061853954,-22132.403573179603,-32182.46808450525,-15072.195589905368,-11103.147734959082,-19041.243444851654
-12038.738036920982,-22116.943044553518,-32195.148052186054,-15072.195589905368,-11103.147734959082,-19041.243444851654
-12011.657808203116,-22101.50386003281,-32191.349911862508,-15072.195589905368,-11103.147734959082,-19041.243444851654
-11988.145283981456,-22085.665454267215,-32183.185624552974,-15072.195589905368,-11103.147734959082,-19041.243444851654
-11959.897212746599,-22069.814117878577,-32179.731023010558,-15072.195589905368,-11103.147734959082,-19041.243444851654
-11962.033149689752,-22053.998473125896,-32145.96379656204,-15072.195589905368,-11103.147734959082,-19041.243444851654
-11975.499597129385,-22038.286092207887,-32101.07258728639,-15072.195589905368,-11103.147734959082,-19041.243444851654
-11961.45826329461,-22022.984060386385,-32084.50985747816,-15072.195589905368,-11103.147734959082,-19041.243444851654
-11935.350330927526,-22007.929081042825,-32080.507831158124,-15072.195589905368,-11103.147734959082,-19041.243444851654
-11947.875170091413,-21992.960957528816,-32038.046744966217,-15072.195589905368,-11103.147734959082,-19041.243444851654
-11948.702070897332,-21978.092524360873,-32007.482977824413,-15072.195589905368,-11103.147734959082,-19041.243444851654
-11927.829156347778,-21963.434784601566,-31999.040412855356,-15072.195589905368,-11103.147734959082,-19041.243444851654
-11906.37111499432,-21948.805196138255,-31991.23927728219,-15072.195589905368,-11103.147734959082,-19041.243444851654
-11912.660824697434,-21934.238149959765,-31955.815475222094,-15072.195589905368,-11103.147734959082,-19041.243444851654
-11878.01317247802,-21919.68182225283,-31961.35047202764,-15072.195589905368,-11103.147734959082,-19041.243444851654
-11855.075380998418,-21905.318185109216,-31955.560989220015,-15072.195589905368,-11103.147734959082,-19041.243444851654
-11820.765763579013,-21890.95051415014,-31961.135264721266,-15072.195589905368,-11103.147734959082,-19041.243444851654
-11817.574544123097,-21876.2975771522,-31935.020610181302,-15072.195589905368,-11103.147734959082,-19041.243444851654
-11797.309115466036,-21861.932261064456,-31926.555406662876,-15072.195589905368,-11103.147734959082,-19041.243444851654
-11791.072129075183,-21847.46580882504,-31903.859488574897,-15072.195589905368,-11103.147734959082,-19041.243444851654
-11780.198654754357,-21833.427538355394,-31886.65642195643,-15072.195589905368,-11103.147734959082,-19041.243444851654
-11807.231013533345,-21819.365815586072,-31831.500617638798,-15072.195589905368,-11103.147734959082,-19041.243444851654
-11804.637017341114,-21805.30967788453,-31805.982338427944,-15072.195589905368,-11103.147734959082,-19041.243444851654
-11753.19096330825,-21791.73986078454,-31830.288758260827,-15072.195589905368,-11103.147734959082,-19041.243444851654
-11690.215306273714,-21778.067300662467,-31865.919295051222,-15072.195589905368,-11103.147734959082,-19041.243444851654
-11694.767290457663,-21764.40163854597,-31834.035986634277,-15072.195589905368,-11103.147734959082,-19041.243444851654
-11722.282471278995,-21750.54428703855,-31778.806102798102,-15072.195589905368,-11103.147734959082,-19041.243444851654
-11702.877700414621,-21736.58115327437,-31770.284606134115,-15072.195589905368,-11103.147734959082,-19041.243444851654
-11660.40565039995,-21723.053325258796,-31785.70100011764,-15072.195589905368,-11103.147734959082,-19041.243444851654
-11633.16296202206,-21709.500686164527,-31785.838410306995,-15072.195589905368,-11103.147734959082,-19041.243444851654
-11625.495334498612,-21696.0739003726,-31766.65246624659,-15072.195589905368,-11103.147734959082,-19041.243444851654
-11630.861867610904,-21682.548004882192,-31734.23414215348,-15072.195589905368,-11103.147734959082,-19041.243444851654
-11642.909397253065,-21668.886000902497,-31694.86260455193,-15072.195589905368,-11103.147734959082,-19041.243444851654
-11662.40874775539,-21655.161874577378,-31647.915001399364,-15072.195589905368,-11103.147734959082,-19041.243444851654
-11682.323218340829,-21641.4731026035,-31600.622986866172,-15072.195589905368,-11103.147734959082,-19041.243444851654
-11698.841419527942,-21627.805184682536,-31556.768949837133,-15072.195589905368,-11103.147734959082,-19041.243444851654
-11663.907460623232,-21613.964023942248,-31564.020587261264,-15072.195589905368,-11103.147734959082,-19041.243444851654
-11673.121785752855,-21599.915525499277,-31526.7092652457,-15072.195589905368,-11103.147734959082,-19041.243444851654
-11663.800582551523,-21585.83480439711,-31507.869026242697,-15072.195589905368,-11103.147734959082,-19041.243444851654
-11604.069272138844,-21571.783262017783,-31539.497251896722,-15072.195589905368,-11103.147734959082,-19041.243444851654
-11585.682954583133,-21557.766224153722,-31529.84949372431,-15072.195589905368,-11103.147734959082,-19041.243444851654
-11574.309054263038,-21543.854842752804,-31513.40063124257,-15072.195589905368,-11103.147734959082,-19041.243444851654
-11560.727061215499,-21529.75257976165,-31498.778098307805,-15072.195589905368,-11103.147734959082,-19041.243444851654
-11546.597187360172,-21515.991886082204,-31485.386584804233,-15072.195589905368,-11103.147734959082,-19041.243444851654
-11568.865068193172,-21501.991717088535,-31435.118365983897,-15072.195589905368,-11103.147734959082,-19041.243444851654
-11548.608873685063,-21488.600993576038,-31428.59311346701,-15072.195589905368,-11103.147734959082,-19041.243444851654
-11508.300694860716,-21475.702374719218,-31443.10405457772,-15072.195589905368,-11103.147734959082,-19041.243444851654
-11496.293656487116,-21462.73035209334,-31429.16704769956,-15072.195589905368,-11103.147734959082,-19041.243444851654
-11497.363793719744,-21450.325087594803,-31403.286381469865,-15072.195589905368,-11103.147734959082,-19041.243444851654
-11479.442335927315,-21437.91502878789,-31396.38772164847,-15072.195589905368,-11103.147734959082,-19041.243444851654
-11446.57980449176,-21425.94803160218,-31405.3162587126,-15072.195589905368,-11103.147734959082,-19041.243444851654
-11487.68433136546,-21413.789079949198,-31339.893828532935,-15072.195589905368,-11103.147734959082,-19041.243444851654
-11492.285064275584,-21401.562993796193,-31310.840923316802,-15072.195589905368,-11103.147734959082,-19041.243444851654
-11478.214828847016,-21389.65072059092,-31301.08661233482,-15072.195589905368,-11103.147734959082,-19041.243444851654
-11495.30698507114,-21378.10866257106,-31260.91034007098,-15072.195589905368,-11103.147734959082,-19041.243444851654
-11455.812346450493,-21366.43787443061,-31277.063402410724,-15072.195589905368,-11103.147734959082,-19041.243444851654
-11455.122488356834,-21354.914801376948,-31254.70711439706,-15072.195589905368,-11103.147734959082,-19041.243444851654
-11448.41199284337,-21343.457091531145,-31238.50219021892,-15072.195589905368,-11103.147734959082,-19041.243444851654
-11463.489806945518,-21332.162895927337,-31200.835984909158,-15072.195589905368,-11103.147734959082,-19041.243444851654
-11449.610915561043,-21321.00346087092,-31192.3960061808,-15072.195589905368,-11103.147734959082,-19041.243444851654
-11426.75299390131,-21309.863186870996,-31192.97337984068,-15072.195589905368,-11103.147734959082,-19041.243444851654
-11428.55581408222,-21298.73544646985,-31168.915078857484,-15072.195589905368,-11103.147734959082,-19041.243444851654
-11393.817917021248,-21287.371775603224,-31180.9256341852,-15072.195589905368,-11103.147734959082,-19041.243444851654
-11362.423343803504,-21275.69272660621,-31188.962109408913,-15072.195589905368,-11103.147734959082,-19041.243444851654
-11338.587995559963,-21264.135017843513,-31189.682040127063,-15072.195589905368,-11103.147734959082,-19041.243444851654
-11331.602729638107,-21252.497801240672,-31173.392872843237,-15072.195589905368,-11103.147734959082,-19041.243444851654
-11363.196896595828,-21241.049643291604,-31118.90238998738,-15072.195589905368,-11103.147734959082,-19041.243444851654
-11352.72650733642,-21229.54777435812,-31106.369041379825,-15072.195589905368,-11103.147734959082,-19041.243444851654
-11305.779606825534,-21217.913356452776,-31130.04710608002,-15072.195589905368,-11103.147734959082,-19041.243444851654
-11254.98777804586,-21206.543227318383,-31158.098676590907,-15072.195589905368,-11103.147734959082,-19041.243444851654
-11263.538307556562,-21195.194891296367,-31126.851475036172,-15072.195589905368,-11103.147734959082,-19041.243444851654
-11225.295257447548,-21183.849952780467,-31142.404648113385,-15072.195589905368,-11103.147734959082,-19041.243444851654
-11219.737917507358,-21172.47555574387,-31125.21319398038,-15072.195589905368,-11103.147734959082,-19041.243444851654
-11235.094721256588,-21161.099689606435,-31087.104657956283,-15072.195589905368,-11103.147734959082,-19041.243444851654
-11213.639428623392,-21149.513148555972,-31085.386868488553,-15072.195589905368,-11103.147734959082,-19041.243444851654
-11187.569509063345,-21137.772113951287,-31087.97471883923,-15072.195589905368,-11103.147734959082,-19041.243444851654
-11168.594978960758,-21125.482934360884,-31082.37088976101,-15072.195589905368,-11103.147734959082,-19041.243444851654
-11187.88500432998,-21113.006882398826,-31038.12876046767,-15072.195589905368,-11103.147734959082,-19041.243444851654
-11181.280352543583,-21100.692070622215,-31020.10378870085,-15072.195589905368,-11103.147734959082,-19041.243444851654
-11216.843154967462,-21088.375999240467,-30959.90884351347,-15072.195589905368,-11103.147734959082,-19041.243444851654
-11209.731670931837,-21075.89743298851,-30942.063195045183,-15072.195589905368,-11103.147734959082,-19041.243444851654
-11160.09693166144,-21063.498161654195,-30966.89939164695,-15072.195589905368,-11103.147734959082,-19041.243444851654
-11206.527209652368,-21051.158166978064,-30895.78912430376,-15072.195589905368,-11103.147734959082,-19041.243444851654
-11203.314359759375,-21038.771645784942,-30874.22893181051,-15072.195589905368,-11103.147734959082,-19041.243444851654
-11251.701176257031,-21026.854556534436,-30802.00793681184,-15072.195589905368,-11103.147734959082,-19041.243444851654
-11204.900868066228,-21015.153798677147,-30825.406729288065,-15072.195589905368,-11103.147734959082,-19041.243444851654
-11222.099205359871,-21003.480093010417,-30784.860980660964,-15072.195589905368,-11103.147734959082,-19041.243444851654
-11221.90651154663,-20991.894614915083,-30761.882718283538,-15072.195589905368,-11103.147734959082,-19041.243444851654
-11209.003742407727,-20980.32109541599,-30751.638448424255,-15072.195589905368,-11103.147734959082,-19041.243444851654
-11188.920562364201,-20968.60189683954,-30748.28323131488,-15072.195589905368,-11103.147734959082,-19041.243444851654
-11164.501630101407,-20956.89062059894,-30749.279611096474,-15072.195589905368,-11103.147734959082,-19041.243444851654
-11114.626843965238,-20944.691935064362,-30774.757026163486,-15072.195589905368,-11103.147734959082,-19041.243444851654
-11108.383037142035,-20932.504215611436,-30756.62539408084,-15072.195589905368,-11103.147734959082,-19041.243444851654
-11123.416368487113,-20920.409176403602,-30717.40198432009,-15072.195589905368,-11103.147734959082,-19041.243444851654
-11113.23220703431,-20908.355152301057,-30703.478097567804,-15072.195589905368,-11103.147734959082,-19041.243444851654
-11129.90751174974,-20896.28705816786,-30662.666604585982,-15072.195589905368,-11103.147734959082,-19041.243444851654
-11132.078385964905,-20884.2333854851,-30636.38838500529,-15072.195589905368,-11103.147734959082,-19041.243444851654
-11146.02395727255,-20872.10527210624,-30598.186586939933,-15072.195589905368,-11103.147734959082,-19041.243444851654
-11113.575148775295,-20860.26653706204,-30606.95792534879,-15072.195589905368,-11103.147734959082,-19041.243444851654
-11105.943511642188,-20848.372769969414,-30590.80202829664,-15072.195589905368,-11103.147734959082,-19041.243444851654
-11094.607726262659,-20836.511323361112,-30578.414920459567,-15072.195589905368,-11103.147734959082,-19041.243444851654
-11082.16285932321,-20824.28856008832,-30566.41426085343,-15072.195589905368,-11103.147734959082,-19041.243444851654
-11088.067121292408,-20812.01772790632,-30535.968334520236,-15072.195589905368,-11103.147734959082,-19041.243444851654
-11071.161495132503,-20799.689333713013,-30528.217172293524,-15072.195589905368,-11103.147734959082,-19041.243444851654
-11053.766545855917,-20787.301990036955,-30520.837434217992,-15072.195589905368,-11103.147734959082,-19041.243444851654
-11050.90444736583,-20775.024577689794,-30499.14470801376,-15072.195589905368,-11103.147734959082,-19041.243444851654
-11019.627004421181,-20762.623270968103,-30505.619537515024,-15072.195589905368,-11103.147734959082,-19041.243444851654
-10996.747542821351,-20750.20724962643,-30503.66695643151,-15072.195589905368,-11103.147734959082,-19041.243444851654
-10992.735786408382,-20737.86415194126,-30482.992517474137,-15072.195589905368,-11103.147734959082,-19041.243444851654
-10985.778683145485,-20725.195344897056,-30464.612006648626,-15072.195589905368,-11103.147734959082,-19041.243444851654
-10949.55400717291,-20712.293698717367,-30475.033390261822,-15072.195589905368,-11103.147734959082,-19041.243444851654
-10981.969027825999,-20699.478630130903,-30416.988232435808,-15072.195589905368,-11103.147734959082,-19041.243444851654
-10998.21062746903,-20686.998662922342,-30375.786698375654,-15072.195589905368,-11103.147734959082,-19041.243444851654
-10995.295518778092,-20674.4426270671,-30353.58973535611,-15072.195589905368,-11103.147734959082,-19041.243444851654
-11005.321928536667,-20661.874232279944,-30318.426536023224,-15072.195589905368,-11103.147734959082,-19041.243444851654
-10966.249144985699,-20649.15848883242,-30332.067832679146,-15072.195589905368,-11103.147734959082,-19041.243444851654
-10955.427521259488,-20636.5023348906,-30317.577148521712,-15072.195589905368,-11103.147734959082,-19041.243444851654
-10945.961417127366,-20623.934910581294,-30301.908404035225,-15072.195589905368,-11103.147734959082,-19041.243444851654
-10938.098437188093,-20611.384101863845,-30284.6697665396,-15072.195589905368,-11103.147734959082,-19041.243444851654
-10986.869514500688,-20598.73527330739,-30210.601032114093,-15072.195589905368,-11103.147734959082,-19041.243444851654
-10989.759180179764,-20586.07138981819,-30182.383599456614,-15072.195589905368,-11103.147734959082,-19041.243444851654
-10974.786103755665,-20573.48351075287,-30172.180917750076,-15072.195589905368,-11103.147734959082,-19041.243444851654
-10941.178273640495,-20560.989742737474,-30180.801211834456,-15072.195589905368,-11103.147734959082,-19041.243444851654
-10960.219025268456,-20548.494735787932,-30136.770446307408,-15072.195589905368,-11103.147734959082,-19041.243444851654
-10962.061079336678,-20536.097099643408,-30110.133119950136,-15072.195589905368,-11103.147734959082,-19041.243444851654
-10939.018178264727,-20523.69630757151,-30108.374436878294,-15072.195589905368,-11103.147734959082,-19041.243444851654
-10898.877686272082,-20511.443338987814,-30124.008991703544,-15072.195589905368,-11103.147734959082,-19041.243444851654
-10878.68038393513,-20499.29988632498,-30119.919388714832,-15072.195589905368,-11103.147734959082,-19041.243444851654
-10870.93282703977,-20487.303677114713,-30103.674527189658,-15072.195589905368,-11103.147734959082,-19041.243444851654
-10842.500731153876,-20475.22144990029,-30107.942168646707,-15072.195589905368,-11103.147734959082,-19041.243444851654
-10826.313984385235,-20463.131987222154,-30099.949990059074,-15072.195589905368,-11103.147734959082,-19041.243444851654
-10860.497391359937,-20451.27881844026,-30042.06024552058,-15072.195589905368,-11103.147734959082,-19041.243444851654
-10869.634170943755,-20439.613356684335,-30009.592542424914,-15072.195589905368,-11103.147734959082,-19041.243444851654
-10815.479440318299,-20428.12209974936,-30040.76475918042,-15072.195589905368,-11103.147734959082,-19041.243444851654
-10840.987747519555,-20416.861525606917,-29992.73530369428,-15072.195589905368,-11103.147734959082,-19041.243444851654
-10861.211428502116,-20405.636767958928,-29950.06210741574,-15072.195589905368,-11103.147734959082,-19041.243444851654
-10853.921871294768,-20394.332144025968,-29934.742416757166,-15072.195589905368,-11103.147734959082,-19041.243444851654
-10791.349527874998,-20382.906718576327,-29974.463909277656,-15072.195589905368,-11103.147734959082,-19041.243444851654
-10780.171914136647,-20371.456294809184,-29962.74067548172,-15072.195589905368,-11103.147734959082,-19041.243444851654
-10810.513639757684,-20360.170823524262,-29909.82800729084,-15072.195589905368,-11103.147734959082,-19041.243444851654
-10782.233513655408,-20348.834478236447,-29915.435442817485,-15072.195589905368,-11103.147734959082,-19041.243444851654
-10760.381977246487,-20337.560961703766,-29914.739946161048,-15072.195589905368,-11103.147734959082,-19041.243444851654
-10721.508892787195,-20326.486605653317,-29931.46431851944,-15072.195589905368,-11103.147734959082,-19041.243444851654
-10740.25480776005,-20315.074829587527,-29889.894851415003,-15072.195589905368,-11103.147734959082,-19041.243444851654
-10744.247754391821,-20303.533285325575,-29862.81881625933,-15072.195589905368,-11103.147734959082,-19041.243444851654
-10729.201548277162,-20292.31520631193,-29855.4288643467,-15072.195589905368,-11103.147734959082,-19041.243444851654
-10694.264184537618,-20281.252555259143,-29868.240925980666,-15072.195589905368,-11103.147734959082,-19041.243444851654
-10640.144090999313,-20270.117548105372,-29900.091005211434,-15072.195589905368,-11103.147734959082,-19041.243444851654
-10645.4305842073,-20259.06857406147,-29872.706563915643,-15072.195589905368,-11103.147734959082,-19041.243444851654
-10621.53833743995,-20248.02009484015,-29874.50185224035,-15072.195589905368,-11103.147734959082,-19041.243444851654
-10647.546412503005,-20236.598946165333,-29825.651479827662,-15072.195589905368,-11103.147734959082,-19041.243444851654
-10650.259104772818,-20224.801587415666,-29799.344070058512,-15072.195589905368,-11103.147734959082,-19041.243444851654
-10637.651905111527,-20212.952603409336,-29788.253301707147,-15072.195589905368,-11103.147734959082,-19041.243444851654
-10619.608931678635,-20201.10010763871,-29782.591283598787,-15072.195589905368,-11103.147734959082,-19041.243444851654
-10594.572777880063,-20188.8800846288,-29783.187391377534,-15072.195589905368,-11103.147734959082,-19041.243444851654
-10589.362041940012,-20176.665237570553,-29763.968433201095,-15072.195589905368,-11103.147734959082,-19041.243444851654
-10576.775914082587,-20164.450247739172,-29752.124581395758,-15072.195589905368,-11103.147734959082,-19041.243444851654
-10587.079240453395,-20152.534763336782,-29717.99028622017,-15072.195589905368,-11103.147734959082,-19041.243444851654
-10603.00434962492,-20140.71098599747,-29678.41762237002,-15072.195589905368,-11103.147734959082,-19041.243444851654
-10596.195442172699,-20129.040491202897,-29661.885540233096,-15072.195589905368,-11103.147734959082,-19041.243444851654
-10535.190320970483,-20117.363606695315,-29699.536892420147,-15072.195589905368,-11103.147734959082,-19041.243444851654
-10509.288983152383,-20105.601357511077,-29701.913731869772,-15072.195589905368,-11103.147734959082,-19041.243444851654
-10504.615800010917,-20093.924264066976,-29683.232728123035,-15072.195589905368,-11103.147734959082,-19041.243444851654
-10533.607173819504,-20082.444250671557,-29631.28132752361,-15072.195589905368,-11103.147734959082,-19041.243444851654
-10540.648349336647,-20070.932313956386,-29601.216278576125,-15072.195589905368,-11103.147734959082,-19041.243444851654
-10528.981884129818,-20059.37936858151,-29589.776853033203,-15072.195589905368,-11103.147734959082,-19041.243444851654
-10558.919428712987,-20047.876856175106,-29536.834283637225,-15072.195589905368,-11103.147734959082,-19041.243444851654
-10556.783293787434,-20036.41037551479,-29516.03745724215,-15072.195589905368,-11103.147734959082,-19041.243444851654
-10547.290604043716,-20024.859627347138,-29502.42865065056,-15072.195589905368,-11103.147734959082,-19041.243444851654
-10544.881615752089,-20013.475672539917,-29482.069729327744,-15072.195589905368,-11103.147734959082,-19041.243444851654
-10513.53858433287,-20002.224047376258,-29490.909510419646,-15072.195589905368,-11103.147734959082,-19041.243444851654
-10526.473002833498,-19991.192410887088,-29455.91181894068,-15072.195589905368,-11103.147734959082,-19041.243444851654
-10501.935039746859,-19980.257543856464,-29458.58004796607,-15072.195589905368,-11103.147734959082,-19041.243444851654
-10493.774672238782,-19969.11952784972,-29444.46438346066,-15072.195589905368,-11103.147734959082,-19041.243444851654
-10421.186356774879,-19957.899226969814,-29494.612097164747,-15072.195589905368,-11103.147734959082,-19041.243444851654
-10398.037632321086,-19946.755098663165,-29495.472565005242,-15072.195589905368,-11103.147734959082,-19041.243444851654
-10409.443021763811,-19935.617154382988,-29461.791287002165,-15072.195589905368,-11103.147734959082,-19041.243444851654
-10369.448992027297,-19924.45155132689,-29479.45411062648,-15072.195589905368,-11103.147734959082,-19041.243444851654
-10323.837059940244,-19913.404085561106,-29502.971111181967,-15072.195589905368,-11103.147734959082,-19041.243444851654
-10297.509596801156,-19902.430274273498,-29507.35095174584,-15072.195589905368,-11103.147734959082,-19041.243444851654
-10288.589133987878,-19891.41302033325,-29494.23690667862,-15072.195589905368,-11103.147734959082,-19041.243444851654
-10270.603297643895,-19880.42991710655,-29490.256536569206,-15072.195589905368,-11103.147734959082,-19041.243444851654
-10239.784459580012,-19869.103360645604,-29498.422261711195,-15072.195589905368,-11103.147734959082,-19041.243444851654
-10238.210647106176,-19857.78798252925,-29477.365317952324,-15072.195589905368,-11103.147734959082,-19041.243444851654
-10229.951223515418,-19846.437745555028,-29462.924267594637,-15072.195589905368,-11103.147734959082,-19041.243444851654
-10247.738534004844,-19835.30806475191,-29422.877595498976,-15072.195589905368,-11103.147734959082,-19041.243444851654
-10246.431999975248,-19824.44450398126,-29402.457007987272,-15072.195589905368,-11103.147734959082,-19041.243444851654
-10292.695658390108,-19813.408231714766,-29334.120805039423,-15072.195589905368,-11103.147734959082,-19041.243444851654
-10303.250396258134,-19802.40715929367,-29301.56392232921,-15072.195589905368,-11103.147734959082,-19041.243444851654
-10309.336335064909,-19791.407244190123,-29273.478153315336,-15072.195589905368,-11103.147734959082,-19041.243444851654
-10286.736299084056,-19780.412934056454,-29274.089569028853,-15072.195589905368,-11103.147734959082,-19041.243444851654
-10278.432409394403,-19769.326852227274,-29260.221295060146,-15072.195589905368,-11103.147734959082,-19041.243444851654
-10247.697388239658,-19758.23021347101,-29268.763038702367,-15072.195589905368,-11103.147734959082,-19041.243444851654
-10265.468563211707,-19747.12441299221,-29228.78026277271,-15072.195589905368,-11103.147734959082,-19041.243444851654
-10292.960913794745,-19735.998459663875,-29179.036005533006,-15072.195589905368,-11103.147734959082,-19041.243444851654
-10257.33274818383,-19724.88101528765,-29192.429282391473,-15072.195589905368,-11103.147734959082,-19041.243444851654
-10245.780978759809,-19714.12542176539,-29182.469864770974,-15072.195589905368,-11103.147734959082,-19041.243444851654
-10238.403337857555,-19703.32887730532,-29168.254416753087,-15072.195589905368,-11103.147734959082,-19041.243444851654
-10238.771464548565,-19692.616565769946,-29146.461666991327,-15072.195589905368,-11103.147734959082,-19041.243444851654
-10216.476166357234,-19681.919200358898,-29147.36223436056,-15072.195589905368,-11103.147734959082,-19041.243444851654
-10210.010813223033,-19671.061140984497,-29132.111468745963,-15072.195589905368,-11103.147734959082,-19041.243444851654
-10222.171163708657,-19660.343999077835,-29098.516834447015,-15072.195589905368,-11103.147734959082,-19041.243444851654
-10218.631080077796,-19649.58518930778,-29080.53929853777,-15072.195589905368,-11103.147734959082,-19041.243444851654
-10190.265081550688,-19638.57569069075,-29086.886299830818,-15072.195589905368,-11103.147734959082,-19041.243444851654
-10206.55824816033,-19627.876347983725,-29049.19444780712,-15072.195589905368,-11103.147734959082,-19041.243444851654
-10200.021507170593,-19617.21252293977,-29034.40353870895,-15072.195589905368,-11103.147734959082,-19041.243444851654
-10164.247987748637,-19606.530152941665,-29048.812318134693,-15072.195589905368,-11103.147734959082,-19041.243444851654
-10106.370295249626,-19595.823667254706,-29085.27703925979,-15072.195589905368,-11103.147734959082,-19041.243444851654
-10055.840517929722,-19585.1200311975,-29114.39954446528,-15072.195589905368,-11103.147734959082,-19041.243444851654
-10049.396140965768,-19574.526309730492,-29099.656478495217,-15072.195589905368,-11103.147734959082,-19041.243444851654
-10060.518870300351,-19563.94138868987,-29067.363907079387,-15072.195589905368,-11103.147734959082,-19041.243444851654
-10024.744146897934,-19553.203476051116,-29081.662805204298,-15072.195589905368,-11103.147734959082,-19041.243444851654
-9972.152935573344,-19542.04531179493,-29111.937688016515,-15072.195589905368,-11103.147734959082,-19041.243444851654
-9978.519730673674,-19530.842255067975,-29083.164779462277,-15072.195589905368,-11103.147734959082,-19041.243444851654
-9939.46938294264,-19519.748944489213,-29100.028506035786,-15072.195589905368,-11103.147734959082,-19041.243444851654
-9896.00070782176,-19508.646688582437,-29121.292669343115,-15072.195589905368,-11103.147734959082,-19041.243444851654
-9891.171761748417,-19497.659741076335,-29104.147720404253,-15072.195589905368,-11103.147734959082,-19041.243444851654
-9894.634820510033,-19486.569335621414,-29078.503850732795,-15072.195589905368,-11103.147734959082,-19041.243444851654
-9892.858937569426,-19475.400187916348,-29057.941438263268,-15072.195589905368,-11103.147734959082,-19041.243444851654
-9883.91265204197,-19464.07775976626,-29044.24286749055,-15072.195589905368,-11103.147734959082,-19041.243444851654
-9875.269010816988,-19452.72136814431,-29030.17372547163,-15072.195589905368,-11103.147734959082,-19041.243444851654
-9877.839796809483,-19441.371367407086,-29004.90293800469,-15072.195589905368,-11103.147734959082,-19041.243444851654
-9864.503078100086,-19430.029911377947,-28995.55674465581,-15072.195589905368,-11103.147734959082,-19041.243444851654
-9848.878148206777,-19418.683401135764,-28988.48865406475,-15072.195589905368,-11103.147734959082,-19041.243444851654
-9841.26783623435,-19407.54045242856,-28973.813068622767,-15072.195589905368,-11103.147734959082,-19041.243444851654
-9795.322633088288,-19396.329233048014,-28997.33583300774,-15072.195589905368,-11103.147734959082,-19041.243444851654
-9774.339535885652,-19385.15533329705,-28995.97113070845,-15072.195589905368,-11103.147734959082,-19041.243444851654
-9722.032796625597,-19374.05816157624,-29026.08352652688,-15072.195589905368,-11103.147734959082,-19041.243444851654
-9704.154627991911,-19362.94514507327,-29021.735662154628,-15072.195589905368,-11103.147734959082,-19041.243444851654
-9689.244971065773,-19351.834158592737,-29014.4233461197,-15072.195589905368,-11103.147734959082,-19041.243444851654
-9672.96144493182,-19340.64537234991,-29008.329299768004,-15072.195589905368,-11103.147734959082,-19041.243444851654
-9660.824549858497,-19329.230842195364,-28997.637134532233,-15072.195589905368,-11103.147734959082,-19041.243444851654
-9672.523076950169,-19318.21042632135,-28963.897775692534,-15072.195589905368,-11103.147734959082,-19041.243444851654
-9643.493804698388,-19307.153163733303,-28970.812522768218,-15072.195589905368,-11103.147734959082,-19041.243444851654
-9619.530035632612,-19296.156419294028,-28972.782802955444,-15072.195589905368,-11103.147734959082,-19041.243444851654
-9609.391468717013,-19285.195935482032,-28961.000402247053,-15072.195589905368,-11103.147734959082,-19041.243444851654
-9636.263512113508,-19274.244884511772,-28912.226256910035,-15072.195589905368,-11103.147734959082,-19041.243444851654
-9631.52243477456,-19263.321262791524,-28895.120090808487,-15072.195589905368,-11103.147734959082,-19041.243444851654
-9592.375810629479,-19252.77320489293,-28913.17059915638,-15072.195589905368,-11103.147734959082,-19041.243444851654
-9560.506398629153,-19242.358441827015,-28924.210485024876,-15072.195589905368,-11103.147734959082,-19041.243444851654
-9584.404661510065,-19231.899490676176,-28879.394319842286,-15072.195589905368,-11103.147734959082,-19041.243444851654
-9580.94109507927,-19221.59874033973,-28862.25638560019,-15072.195589905368,-11103.147734959082,-19041.243444851654
-9603.171977720287,-19211.411955646425,-28819.65193357256,-15072.195589905368,-11103.147734959082,-19041.243444851654
-9584.929367342243,-19201.214698261305,-28817.500029180366,-15072.195589905368,-11103.147734959082,-19041.243444851654
-9565.541535655557,-19190.764284234272,-28815.987032812987,-15072.195589905368,-11103.147734959082,-19041.243444851654
-9530.712398429008,-19180.77350369822,-28830.83460896743,-15072.195589905368,-11103.147734959082,-19041.243444851654
-9509.990403367687,-19171.25395074136,-28832.517498115034,-15072.195589905368,-11103.147734959082,-19041.243444851654
-9487.124555580875,-19161.64879024911,-28836.173024917345,-15072.195589905368,-11103.147734959082,-19041.243444851654
-9493.208223423135,-19152.07909888838,-28810.94997435362,-15072.195589905368,-11103.147734959082,-19041.243444851654
-9487.345292945374,-19142.731670093675,-28798.118047241976,-15072.195589905368,-11103.147734959082,-19041.243444851654
-9496.214266676132,-19133.295509127438,-28770.376751578744,-15072.195589905368,-11103.147734959082,-19041.243444851654
-9493.827007750166,-19123.789178933464,-28753.751350116763,-15072.195589905368,-11103.147734959082,-19041.243444851654
-9517.058879792823,-19114.119757063116,-28711.18063433341,-15072.195589905368,-11103.147734959082,-19041.243444851654
-9495.730992646579,-19104.652822876018,-28713.574653105457,-15072.195589905368,-11103.147734959082,-19041.243444851654
-9479.65438713113,-19095.235476440812,-28710.816565750494,-15072.195589905368,-11103.147734959082,-19041.243444851654
-9492.400608679143,-19085.948685352294,-28679.496762025447,-15072.195589905368,-11103.147734959082,-19041.243444851654
-9475.03806832143,-19076.7338685137,-28678.42966870597,-15072.195589905368,-11103.147734959082,-19041.243444851654
-9462.023161375084,-19067.459810048254,-28672.896458721425,-15072.195589905368,-11103.147734959082,-19041.243444851654
-9447.120349819508,-19058.204868663113,-28669.289387506717,-15072.195589905368,-11103.147734959082,-19041.243444851654
-9452.854316482764,-19048.987658536455,-28645.121000590145,-15072.195589905368,-11103.147734959082,-19041.243444851654
-9443.394670107577,-19039.612800001232,-28635.830929894888,-15072.195589905368,-11103.147734959082,-19041.243444851654
-9421.890523893462,-19030.25629997408,-28638.6220760547,-15072.195589905368,-11103.147734959082,-19041.243444851654
-9435.246138272385,-19020.916314349524,-28606.586490426664,-15072.195589905368,-11103.147734959082,-19041.243444851654
-9384.433385330485,-19011.672854153865,-28638.912322977245,-15072.195589905368,-11103.147734959082,-19041.243444851654
-9369.166953813083,-19002.360862930556,-28635.55477204803,-15072.195589905368,-11103.147734959082,-19041.243444851654
-9392.32558067579,-18993.156141747582,-28593.986702819377,-15072.195589905368,-11103.147734959082,-19041.243444851654
-9409.289540632635,-18984.416672014428,-28559.54380339622,-15072.195589905368,-11103.147734959082,-19041.243444851654
-9381.611448360418,-18975.75705688857,-28569.902665416725,-15072.195589905368,-11103.147734959082,-19041.243444851654
-9384.731882558634,-18967.124478966456,-28549.51707537428,-15072.195589905368,-11103.147734959082,-19041.243444851654
-9404.756579165823,-18958.23613510231,-28511.715691038797,-15072.195589905368,-11103.147734959082,-19041.243444851654
-9413.303434212532,-18949.41863168819,-28485.533829163847,-15072.195589905368,-11103.147734959082,-19041.243444851654
-9420.872778157616,-18940.515333406882,-28460.157888656147,-15072.195589905368,-11103.147734959082,-19041.243444851654
-9414.309193203897,-18931.64264569981,-28448.976098195722,-15072.195589905368,-11103.147734959082,-19041.243444851654
-9453.37372629493,-18922.738670580035,-28392.10361486514,-15072.195589905368,-11103.147734959082,-19041.243444851654
-9427.31129329297,-18913.838184451353,-28400.365075609734,-15072.195589905368,-11103.147734959082,-19041.243444851654
-9405.782637635311,-18904.901695318506,-28404.0207530017,-15072.195589905368,-11103.147734959082,-19041.243444851654
-9415.499112940877,-18895.68410745035,-28375.869101959823,-15072.195589905368,-11103.147734959082,-19041.243444851654
-9436.772087920936,-18886.80621279284,-28336.84033766474,-15072.195589905368,-11103.147734959082,-19041.243444851654
-9451.038856908708,-18877.785129088596,-28304.531401268483,-15072.195589905368,-11103.147734959082,-19041.243444851654
-9436.931762649354,-18868.905642640068,-28300.87952263078,-15072.195589905368,-11103.147734959082,-19041.243444851654
-9416.488072993117,-18860.021421777234,-28303.55477056135,-15072.195589905368,-11103.147734959082,-19041.243444851654
-9396.717780335972,-18851.3213446276,-28305.924908919224,-15072.195589905368,-11103.147734959082,-19041.243444851654
-9349.87620242786,-18842.785486567536,-28335.69477070721,-15072.195589905368,-11103.147734959082,-19041.243444851654
-9340.507990683582,-18834.273004218423,-28328.038017753264,-15072.195589905368,-11103.147734959082,-19041.243444851654
-9320.478416701662,-18825.406669488577,-28330.33492227549,-15072.195589905368,-11103.147734959082,-19041.243444851654
-9329.933040363905,-18816.5742356121,-28303.2154308603,-15072.195589905368,-11103.147734959082,-19041.243444851654
-9327.343458073072,-18807.75543815021,-28288.167418227345,-15072.195589905368,-11103.147734959082,-19041.243444851654
-9328.952068595621,-18798.956146996486,-28268.96022539735,-15072.195589905368,-11103.147734959082,-19041.243444851654
-9309.861600887483,-18790.248696884802,-28270.635792882123,-15072.195589905368,-11103.147734959082,-19041.243444851654
-9264.253440238961,-18781.565145649474,-28298.876851059988,-15072.195589905368,-11103.147734959082,-19041.243444851654
-9282.846404116166,-18772.794318511624,-28262.742232907083,-15072.195589905368,-11103.147734959082,-19041.243444851654
-9273.597832175581,-18764.05013827855,-28254.50244438152,-15072.195589905368,-11103.147734959082,-19041.243444851654
-9233.644634198803,-18755.38061896993,-28277.11660374106,-15072.195589905368,-11103.147734959082,-19041.243444851654
-9236.216883640702,-18746.539625313206,-28256.86236698571,-15072.195589905368,-11103.147734959082,-19041.243444851654
-9249.831818581259,-18737.40791070891,-28224.984002836558,-15072.195589905368,-11103.147734959082,-19041.243444851654
-9214.802945177556,-18728.31618747383,-28241.8294297701,-15072.195589905368,-11103.147734959082,-19041.243444851654
-9227.066023341184,-18719.222431578935,-28211.378839816687,-15072.195589905368,-11103.147734959082,-19041.243444851654
-9210.849753330014,-18710.136116834125,-28209.422480338235,-15072.195589905368,-11103.147734959082,-19041.243444851654
-9221.43590137917,-18701.34019836596,-28181.244495352752,-15072.195589905368,-11103.147734959082,-19041.243444851654
-9201.748407770297,-18692.406380426124,-28183.06435308195,-15072.195589905368,-11103.147734959082,-19041.243444851654
-9196.729978511788,-18683.618319457964,-28170.506660404142,-15072.195589905368,-11103.147734959082,-19041.243444851654
-9217.123365754198,-18674.8414396784,-28132.559513602602,-15072.195589905368,-11103.147734959082,-19041.243444851654
-9218.56936240558,-18666.005065438647,-28113.440768471715,-15072.195589905368,-11103.147734959082,-19041.243444851654
-9241.963810258747,-18657.18513077882,-28072.40645129889,-15072.195589905368,-11103.147734959082,-19041.243444851654
-9211.624576195836,-18648.296306196335,-28084.968036196835,-15072.195589905368,-11103.147734959082,-19041.243444851654
-9181.14285241746,-18639.55202139137,-28097.961190365277,-15072.195589905368,-11103.147734959082,-19041.243444851654
-9167.158367387192,-18630.625097560714,-28094.091827734235,-15072.195589905368,-11103.147734959082,-19041.243444851654
-9171.983217373381,-18622.038104320498,-28072.092991267615,-15072.195589905368,-11103.147734959082,-19041.243444851654
-9178.815097714925,-18613.30802222256,-28047.800946730196,-15072.195589905368,-11103.147734959082,-19041.243444851654
-9199.072442842291,-18604.650780797885,-28010.22911875348,-15072.195589905368,-11103.147734959082,-19041.243444851654
-9191.649406677228,-18596.001885219554,-28000.35436376188,-15072.195589905368,-11103.147734959082,-19041.243444851654
-9198.689010647506,-18587.178076985805,-27975.667143324106,-15072.195589905368,-11103.147734959082,-19041.243444851654
-9199.9818271593,-18578.357046705634,-27956.73226625197,-15072.195589905368,-11103.147734959082,-19041.243444851654
-9184.322851871244,-18569.522020260938,-27954.721188650634,-15072.195589905368,-11103.147734959082,-19041.243444851654
-9154.141057457344,-18560.82575710335,-27967.510456749354,-15072.195589905368,-11103.147734959082,-19041.243444851654
-9149.165971496788,-18552.252248431152,-27955.338525365514,-15072.195589905368,-11103.147734959082,-19041.243444851654
-9149.957861544577,-18543.67638476189,-27937.3949079792,-15072.195589905368,-11103.147734959082,-19041.243444851654
-9140.401182499447,-18535.064545987578,-27929.72790947571,-15072.195589905368,-11103.147734959082,-19041.243444851654
-9129.474055579376,-18526.468202572647,-27923.462349565918,-15072.195589905368,-11103.147734959082,-19041.243444851654
-9137.679139499232,-18517.8625713432,-27898.04600318717,-15072.195589905368,-11103.147734959082,-19041.243444851654
-9116.86824267022,-18509.279458707777,-27901.690674745332,-15072.195589905368,-11103.147734959082,-19041.243444851654
-9128.895838238877,-18500.688466181633,-27872.48109412439,-15072.195589905368,-11103.147734959082,-19041.243444851654
-9132.497118540983,-18492.086494111172,-27851.675869681363,-15072.195589905368,-11103.147734959082,-19041.243444851654
-9150.484763662595,-18483.501571900295,-27816.518380137997,-15072.195589905368,-11103.147734959082,-19041.243444851654
-9144.527805691521,-18474.760229026822,-27804.992652362125,-15072.195589905368,-11103.147734959082,-19041.243444851654
-9117.951550634143,-18466.13009836964,-27814.308646105135,-15072.195589905368,-11103.147734959082,-19041.243444851654
-9127.88713113372,-18457.390012275486,-27786.89289341725,-15072.195589905368,-11103.147734959082,-19041.243444851654
-9119.781482294507,-18448.468965644857,-27777.156448995207,-15072.195589905368,-11103.147734959082,-19041.243444851654
-9128.59307798047,-18439.544246675097,-27750.495415369725,-15072.195589905368,-11103.147734959082,-19041.243444851654
-9102.248927817753,-18430.263348824108,-27758.277769830464,-15072.195589905368,-11103.147734959082,-19041.243444851654
-9091.826354743307,-18420.964039720686,-27750.101724698063,-15072.195589905368,-11103.147734959082,-19041.243444851654
-9094.458960915577,-18411.61922371513,-27728.779486514683,-15072.195589905368,-11103.147734959082,-19041.243444851654
-9118.72111807346,-18402.31607260593,-27685.911027138398,-15072.195589905368,-11103.147734959082,-19041.243444851654
-9136.50876742262,-18392.996390016837,-27649.484012611054,-15072.195589905368,-11103.147734959082,-19041.243444851654
-9127.832711709416,-18383.66130467391,-27639.489897638407,-15072.195589905368,-11103.147734959082,-19041.243444851654
-9086.031073588007,-18374.309045158385,-27662.587016728765,-15072.195589905368,-11103.147734959082,-19041.243444851654
-9086.389645757421,-18364.863559035824,-27643.337472314226,-15072.195589905368,-11103.147734959082,-19041.243444851654
-9054.465466594187,-18355.499077711287,-27656.53268882839,-15072.195589905368,-11103.147734959082,-19041.243444851654
-9044.587232740225,-18345.856561062225,-27647.125889384224,-15072.195589905368,-11103.147734959082,-19041.243444851654
-9065.739281028478,-18336.379339834602,-27607.019398640725,-15072.195589905368,-11103.147734959082,-19041.243444851654
-9065.113532110525,-18326.892122817277,-27588.67071352403,-15072.195589905368,-11103.147734959082,-19041.243444851654
-9026.987365043376,-18317.32115448092,-27607.654943918464,-15072.195589905368,-11103.147734959082,-19041.243444851654
-9040.367299187346,-18307.87831662584,-27575.389334064334,-15072.195589905368,-11103.147734959082,-19041.243444851654
-9021.023222331365,-18298.17418596765,-27575.325149603937,-15072.195589905368,-11103.147734959082,-19041.243444851654
-9048.6366915525,-18288.297716123212,-27527.958740693924,-15072.195589905368,-11103.147734959082,-19041.243444851654
-9041.833502131494,-18278.495581953848,-27515.157661776204,-15072.195589905368,-11103.147734959082,-19041.243444851654
-9007.264526988287,-18268.780997290844,-27530.297467593402,-15072.195589905368,-11103.147734959082,-19041.243444851654
-8985.42222009298,-18259.3008936114,-27533.179567129817,-15072.195589905368,-11103.147734959082,-19041.243444851654
-8974.972936471355,-18249.560241653402,-27524.147546835447,-15072.195589905368,-11103.147734959082,-19041.243444851654
-8972.612738164473,-18239.638131871125,-27506.663525577776,-15072.195589905368,-11103.147734959082,-19041.243444851654
-8952.580471496958,-18229.523844963904,-27506.46721843085,-15072.195589905368,-11103.147734959082,-19041.243444851654
-8938.925762626286,-18219.448153954196,-27499.970545282107,-15072.195589905368,-11103.147734959082,-19041.243444851654
-8949.575404564272,-18209.414668840524,-27469.253933116775,-15072.195589905368,-11103.147734959082,-19041.243444851654
-8944.760706868297,-18199.436507200113,-27454.112307531926,-15072.195589905368,-11103.147734959082,-19041.243444851654
-8936.887452231078,-18189.44673712919,-27442.0060220273,-15072.195589905368,-11103.147734959082,-19041.243444851654
-8931.111397447617,-18179.632997915527,-27428.154598383437,-15072.195589905368,-11103.147734959082,-19041.243444851654
-8895.886188341668,-18169.787060317158,-27443.687932292647,-15072.195589905368,-11103.147734959082,-19041.243444851654
-8870.427668650282,-18159.910190620456,-27449.39271259063,-15072.195589905368,-11103.147734959082,-19041.243444851654
-8884.65479271624,-18149.93407443292,-27415.2133561496,-15072.195589905368,-11103.147734959082,-19041.243444851654
-8873.853754510033,-18139.866550655828,-27405.879346801623,-15072.195589905368,-11103.147734959082,-19041.243444851654
-8876.55330768178,-18129.796824586436,-27383.04034149109,-15072.195589905368,-11103.147734959082,-19041.243444851654
-8850.501068260764,-18119.713980839337,-27388.92689341791,-15072.195589905368,-11103.147734959082,-19041.243444851654
-8858.881961195708,-18109.622647363398,-27360.363333531088,-15072.195589905368,-11103.147734959082,-19041.243444851654
-8850.799281749109,-18099.682662258852,-27348.566042768594,-15072.195589905368,-11103.147734959082,-19041.243444851654
-8885.06153284722,-18090.09422086572,-27295.126908884224,-15072.195589905368,-11103.147734959082,-19041.243444851654
-8912.512150626271,-18080.59825651678,-27248.684362407286,-15072.195589905368,-11103.147734959082,-19041.243444851654
-8901.245861859721,-18071.07778154035,-27240.909701220975,-15072.195589905368,-11103.147734959082,-19041.243444851654
-8882.542016843217,-18060.934330186632,-27239.326643530047,-15072.195589905368,-11103.147734959082,-19041.243444851654
-8842.419053586807,-18050.82801429514,-27259.236975003474,-15072.195589905368,-11103.147734959082,-19041.243444851654
-8860.346846735096,-18040.166940491195,-27219.987034247293,-15072.195589905368,-11103.147734959082,-19041.243444851654
-8861.096585434645,-18029.559540689817,-27198.02249594499,-15072.195589905368,-11103.147734959082,-19041.243444851654
-8851.475076398252,-18019.028840929746,-27186.58260546124,-15072.195589905368,-11103.147734959082,-19041.243444851654
-8845.602539748661,-18008.495277684124,-27171.38801561959,-15072.195589905368,-11103.147734959082,-19041.243444851654
-8783.604491126547,-17997.936636607927,-27212.268782089304,-15072.195589905368,-11103.147734959082,-19041.243444851654
-8783.645422319667,-17987.4113921738,-27191.17736202793,-15072.195589905368,-11103.147734959082,-19041.243444851654
-8779.044034521745,-17976.693423773435,-27174.342813025127,-15072.195589905368,-11103.147734959082,-19041.243444851654
-8805.67527508094,-17965.972549046804,-27126.26982301267,-15072.195589905368,-11103.147734959082,-19041.243444851654
-8817.36583442036,-17955.25260670954,-27093.13937899872,-15072.195589905368,-11103.147734959082,-19041.243444851654
-8801.995406129108,-17944.57015396611,-27087.144901803113,-15072.195589905368,-11103.147734959082,-19041.243444851654
-8829.749745813213,-17934.178753828182,-27038.607761843152,-15072.195589905368,-11103.147734959082,-19041.243444851654
-8767.139265521146,-17923.783128121147,-27080.42699072115,-15072.195589905368,-11103.147734959082,-19041.243444851654
-8762.218525091766,-17913.496168763424,-27064.77381243508,-15072.195589905368,-11103.147734959082,-19041.243444851654
-8766.938506080278,-17903.25691638158,-27039.57532668288,-15072.195589905368,-11103.147734959082,-19041.243444851654
-8735.125067138433,-17893.00425354756,-27050.883439956684,-15072.195589905368,-11103.147734959082,-19041.243444851654
-8719.223953822444,-17882.65982859645,-27046.095703370454,-15072.195589905368,-11103.147734959082,-19041.243444851654
-8682.058802749127,-17872.352250122643,-27062.645697496162,-15072.195589905368,-11103.147734959082,-19041.243444851654
-8645.573618228525,-17862.050348338107,-27078.52707844769,-15072.195589905368,-11103.147734959082,-19041.243444851654
-8655.22408534118,-17851.721486961273,-27048.218888581367,-15072.195589905368,-11103.147734959082,-19041.243444851654
-8626.417412964545,-17841.552976204297,-27056.688539444047,-15072.195589905368,-11103.147734959082,-19041.243444851654
-8623.68969239818,-17831.750419351363,-27039.811146304546,-15072.195589905368,-11103.147734959082,-19041.243444851654
-8647.41116318293,-17822.011748162196,-26996.612333141464,-15072.195589905368,-11103.147734959082,-19041.243444851654
-8649.753040614827,-17812.199354605367,-26974.645668595906,-15072.195589905368,-11103.147734959082,-19041.243444851654
-8636.045803424084,-17802.412876059203,-26968.779948694322,-15072.195589905368,-11103.147734959082,-19041.243444851654
-8617.336083760621,-17792.522737178817,-26967.70939059701,-15072.195589905368,-11103.147734959082,-19041.243444851654
-8611.588129220832,-17782.79940880871,-26954.01068839659,-15072.195589905368,-11103.147734959082,-19041.243444851654
-8623.324222619285,-17773.07140456548,-26922.818586511672,-15072.195589905368,-11103.147734959082,-19041.243444851654
-8612.10809185039,-17763.047886339435,-26913.98768082848,-15072.195589905368,-11103.147734959082,-19041.243444851654
-8603.974944878784,-17753.126989473407,-26902.27903406803,-15072.195589905368,-11103.147734959082,-19041.243444851654
-8568.76447620829,-17743.23975217027,-26917.71502813225,-15072.195589905368,-11103.147734959082,-19041.243444851654
-8556.387034965808,-17733.398348388968,-26910.409661812126,-15072.195589905368,-11103.147734959082,-19041.243444851654
-8538.93674464463,-17723.571617192432,-26908.206489740234,-15072.195589905368,-11103.147734959082,-19041.243444851654
-8576.52957081011,-17713.939969903644,-26851.350368997177,-15072.195589905368,-11103.147734959082,-19041.243444851654
-8585.988594419043,-17704.321416776835,-26822.654239134627,-15072.195589905368,-11103.147734959082,-19041.243444851654
-8561.310568174775,-17694.87851055961,-26828.446452944445,-15072.195589905368,-11103.147734959082,-19041.243444851654
-8529.062339114875,-17685.46317712374,-26841.864015132604,-15072.195589905368,-11103.147734959082,-19041.243444851654
-8538.28171686992,-17676.051172278043,-26813.820627686167,-15072.195589905368,-11103.147734959082,-19041.243444851654
-8515.334023085286,-17666.69020212572,-26818.046381166154,-15072.195589905368,-11103.147734959082,-19041.243444851654
-8504.702743956945,-17657.441966913837,-26810.18118987073,-15072.195589905368,-11103.147734959082,-19041.243444851654
-8478.271975154574,-17648.07369580738,-26817.875416460185,-15072.195589905368,-11103.147734959082,-19041.243444851654
-8456.968110419684,-17638.487172649508,-26820.00623487933,-15072.195589905368,-11103.147734959082,-19041.243444851654
-8461.9002168681,-17628.59389422199,-26795.287571575882,-15072.195589905368,-11103.147734959082,-19041.243444851654
-8440.430606785112,-17618.671816334387,-26796.91302588366,-15072.195589905368,-11103.147734959082,-19041.243444851654
-8451.134773839021,-17608.708811411634,-26766.282848984247,-15072.195589905368,-11103.147734959082,-19041.243444851654
-8454.953924608635,-17598.742922408794,-26742.531920208952,-15072.195589905368,-11103.147734959082,-19041.243444851654
-8418.26889478767,-17588.786997379808,-26759.305099971945,-15072.195589905368,-11103.147734959082,-19041.243444851654
-8460.982924304273,-17578.894394150357,-26696.80586399644,-15072.195589905368,-11103.147734959082,-19041.243444851654
-8434.88652383481,-17568.9232905329,-26702.960057230994,-15072.195589905368,-11103.147734959082,-19041.243444851654
-8430.517793261291,-17558.946477886744,-26687.375162512195,-15072.195589905368,-11103.147734959082,-19041.243444851654
-8434.184234782364,-17548.97766513723,-26663.7710954921,-15072.195589905368,-11103.147734959082,-19041.243444851654
-8396.002463523459,-17539.13667900299,-26682.27089448252,-15072.195589905368,-11103.147734959082,-19041.243444851654
-8401.527217129595,-17529.253131255948,-26656.9790453823,-15072.195589905368,-11103.147734959082,-19041.243444851654
-8352.134860313812,-17519.795023667357,-26687.455187020903,-15072.195589905368,-11103.147734959082,-19041.243444851654
-8323.849334874945,-17510.482058772286,-26697.114782669625,-15072.195589905368,-11103.147734959082,-19041.243444851654
-8292.79543513581,-17501.223804622696,-26709.652174109582,-15072.195589905368,-11103.147734959082,-19041.243444851654
-8278.828663650915,-17492.26903373667,-26705.709403822424,-15072.195589905368,-11103.147734959082,-19041.243444851654
-8267.466824492549,-17483.214194140415,-26698.96156378828,-15072.195589905368,-11103.147734959082,-19041.243444851654
-8228.127862147903,-17474.032328836613,-26719.936795525322,-15072.195589905368,-11103.147734959082,-19041.243444851654
-8212.678002412724,-17464.759861647966,-26716.84172088321,-15072.195589905368,-11103.147734959082,-19041.243444851654
-8192.599957417799,-17455.49167230547,-26718.383387193142,-15072.195589905368,-11103.147734959082,-19041.243444851654
-8204.244663589674,-17446.20353879524,-26688.162414000803,-15072.195589905368,-11103.147734959082,-19041.243444851654
-8241.568568993505,-17436.860266560187,-26632.151964126868,-15072.195589905368,-11103.147734959082,-19041.243444851654
-8219.705693240874,-17427.598676819136,-26635.491660397398,-15072.195589905368,-11103.147734959082,-19041.243444851654
-8229.132815817724,-17418.31190735392,-26607.490998890116,-15072.195589905368,-11103.147734959082,-19041.243444851654
-8241.70376702097,-17409.262819448824,-26576.82187187668,-15072.195589905368,-11103.147734959082,-19041.243444851654
-8208.91388991122,-17400.223502900768,-26591.533115890314,-15072.195589905368,-11103.147734959082,-19041.243444851654
-8202.09526990437,-17391.104159291666,-26580.113048678963,-15072.195589905368,-11103.147734959082,-19041.243444851654
-8201.987776242828,-17381.9923518646,-26561.99692748637,-15072.195589905368,-11103.147734959082,-19041.243444851654
-8199.971588750255,-17372.891005793394,-26545.810422836534,-15072.195589905368,-11103.147734959082,-19041.243444851654
-8210.081995345034,-17364.035786415327,-26517.98957748562,-15072.195589905368,-11103.147734959082,-19041.243444851654
-8203.769165462707,-17355.431292752626,-26507.093420042547,-15072.195589905368,-11103.147734959082,-19041.243444851654
-8202.37777609429,-17346.839471166946,-26491.301166239602,-15072.195589905368,-11103.147734959082,-19041.243444851654
-8216.5981337414,-17338.23786464339,-26459.877595545382,-15072.195589905368,-11103.147734959082,-19041.243444851654
-8203.78246971644,-17329.60011205807,-26455.4177543997,-15072.195589905368,-11103.147734959082,-19041.243444851654
-8194.596182887379,-17321.255184894257,-26447.914186901136,-15072.195589905368,-11103.147734959082,-19041.243444851654
-8206.485262237748,-17313.111026376562,-26419.736790515377,-15072.195589905368,-11103.147734959082,-19041.243444851654
-8231.513311033284,-17305.047821735476,-26378.58233243767,-15072.195589905368,-11103.147734959082,-19041.243444851654
-8236.937245065232,-17296.973123107065,-26357.0090011489,-15072.195589905368,-11103.147734959082,-19041.243444851654
-8218.436091879288,-17288.912179912717,-26359.388267946146,-15072.195589905368,-11103.147734959082,-19041.243444851654
-8205.757650148265,-17280.655981045828,-26355.55431194339,-15072.195589905368,-11103.147734959082,-19041.243444851654
-8201.084386635388,-17272.385705504308,-26343.687024373226,-15072.195589905368,-11103.147734959082,-19041.243444851654
-8154.402322330878,-17264.194335605516,-26373.986348880157,-15072.195589905368,-11103.147734959082,-19041.243444851654
-8161.805389530029,-17255.997952362526,-26350.190515195023,-15072.195589905368,-11103.147734959082,-19041.243444851654
-8139.167264766125,-17247.60181966515,-26356.036374564173,-15072.195589905368,-11103.147734959082,-19041.243444851654
-8118.106887849475,-17239.30620878774,-26360.505529726004,-15072.195589905368,-11103.147734959082,-19041.243444851654
-8114.047858218153,-17231.202939149025,-26348.358020079897,-15072.195589905368,-11103.147734959082,-19041.243444851654
-8051.054769862481,-17222.92390200921,-26394.79303415594,-15072.195589905368,-11103.147734959082,-19041.243444851654
-7995.6776410833845,-17214.484618733044,-26433.291596382704,-15072.195589905368,-11103.147734959082,-19041.243444851654
-7990.635861024202,-17206.08779150791,-26421.53972199162,-15072.195589905368,-11103.147734959082,-19041.243444851654
-7958.282432766051,-17197.666210076775,-26437.0499873875,-15072.195589905368,-11103.147734959082,-19041.243444851654
-7929.273083342823,-17189.133900766657,-26448.994718190494,-15072.195589905368,-11103.147734959082,-19041.243444851654
-7909.897373621541,-17180.564031202903,-26451.230688784264,-15072.195589905368,-11103.147734959082,-19041.243444851654
-7888.5379272159535,-17172.124188737715,-26455.710450259474,-15072.195589905368,-11103.147734959082,-19041.243444851654
-7883.473274642596,-17164.250823661077,-26445.02837267956,-15072.195589905368,-11103.147734959082,-19041.243444851654
-7885.908129494517,-17156.304172339995,-26426.700215185472,-15072.195589905368,-11103.147734959082,-19041.243444851654
-7864.915646821948,-17148.838096740576,-26432.760546659203,-15072.195589905368,-11103.147734959082,-19041.243444851654
-7873.643724957468,-17141.3770717134,-26409.110418469332,-15072.195589905368,-11103.147734959082,-19041.243444851654
-7854.399480591879,-17134.06188456553,-26413.724288539182,-15072.195589905368,-11103.147734959082,-19041.243444851654
-7827.635669692267,-17126.550603116222,-26425.465536540178,-15072.195589905368,-11103.147734959082,-19041.243444851654
-7851.48429094056,-17119.176089616783,-26386.867888293007,-15072.195589905368,-11103.147734959082,-19041.243444851654
-7852.800039490556,-17111.734267414013,-26370.66849533747,-15072.195589905368,-11103.147734959082,-19041.243444851654
-7838.064035145579,-17104.40376229395,-26370.74348944232,-15072.195589905368,-11103.147734959082,-19041.243444851654
-7818.760491804771,-17096.946508321358,-26375.132524837943,-15072.195589905368,-11103.147734959082,-19041.243444851654
-7786.79542495122,-17089.509852319745,-26392.22427968827,-15072.195589905368,-11103.147734959082,-19041.243444851654
-7758.831311108061,-17082.026921640387,-26405.222532172713,-15072.195589905368,-11103.147734959082,-19041.243444851654
-7736.096261190922,-17074.648800711228,-26413.201340231535,-15072.195589905368,-11103.147734959082,-19041.243444851654
-7752.596216898475,-17066.7109874115,-26380.825757924526,-15072.195589905368,-11103.147734959082,-19041.243444851654
-7743.196742783799,-17058.53609170094,-26373.875440618078,-15072.195589905368,-11103.147734959082,-19041.243444851654
-7716.2222293495,-17050.244649520446,-26384.267069691392,-15072.195589905368,-11103.147734959082,-19041.243444851654
-7713.913309199277,-17041.801339202048,-26369.689369204818,-15072.195589905368,-11103.147734959082,-19041.243444851654
-7728.910095688665,-17033.580268550322,-26338.25044141198,-15072.195589905368,-11103.147734959082,-19041.243444851654
-7746.821953978455,-17025.31367258819,-26303.805391197922,-15072.195589905368,-11103.147734959082,-19041.243444851654
-7748.536102127728,-17017.044868115918,-26285.553634104108,-15072.195589905368,-11103.147734959082,-19041.243444851654
-7742.431273446706,-17008.79655603566,-26275.161838624615,-15072.195589905368,-11103.147734959082,-19041.243444851654
-7731.320794355524,-17000.397189205898,-26269.47358405627,-15072.195589905368,-11103.147734959082,-19041.243444851654
-7714.613232098065,-16991.98299176513,-26269.352751432194,-15072.195589905368,-11103.147734959082,-19041.243444851654
-7684.847597058937,-16983.585969373362,-26282.32434168779,-15072.195589905368,-11103.147734959082,-19041.243444851654
-7660.843984017514,-16975.265708856154,-26289.687433694795,-15072.195589905368,-11103.147734959082,-19041.243444851654
-7665.846284277131,-16966.919250941635,-26267.992217606137,-15072.195589905368,-11103.147734959082,-19041.243444851654
-7655.257178553142,-16958.67179928377,-26262.0864200144,-15072.195589905368,-11103.147734959082,-19041.243444851654
-7647.90514671311,-16950.298444501805,-26252.6917422905,-15072.195589905368,-11103.147734959082,-19041.243444851654
-7604.521257626569,-16941.939928732754,-26279.35859983894,-15072.195589905368,-11103.147734959082,-19041.243444851654
-7579.855880509776,-16933.700616480957,-26287.545352452136,-15072.195589905368,-11103.147734959082,-19041.243444851654
-7589.346120921329,-16925.41715915943,-26261.488197397535,-15072.195589905368,-11103.147734959082,-19041.243444851654
-7574.209113077872,-16917.106981965193,-26260.004850852514,-15072.195589905368,-11103.147734959082,-19041.243444851654
-7592.7215139845175,-16908.523523462354,-26224.32553294019,-15072.195589905368,-11103.147734959082,-19041.243444851654
-7606.517741549935,-16899.916242855157,-26193.31474416038,-15072.195589905368,-11103.147734959082,-19041.243444851654
-7583.498392998394,-16891.403577013818,-26199.308761029242,-15072.195589905368,-11103.147734959082,-19041.243444851654
-7580.15356964312,-16882.969146476986,-26185.78472331085,-15072.195589905368,-11103.147734959082,-19041.243444851654
-7599.662290098831,-16874.458514230086,-26149.254738361342,-15072.195589905368,-11103.147734959082,-19041.243444851654
-7590.992283148926,-16865.861147751177,-26140.73001235343,-15072.195589905368,-11103.147734959082,-19041.243444851654
-7587.010311934877,-16857.23137060545,-26127.452429276018,-15072.195589905368,-11103.147734959082,-19041.243444851654
-7557.879052096874,-16848.68698914763,-26139.494926198386,-15072.195589905368,-11103.147734959082,-19041.243444851654
-7542.546880682439,-16840.12081848711,-26137.69475629178,-15072.195589905368,-11103.147734959082,-19041.243444851654
-7520.178580622427,-16831.7426851617,-26143.306789700968,-15072.195589905368,-11103.147734959082,-19041.243444851654
-7508.463529116711,-16823.608862326568,-26138.754195536425,-15072.195589905368,-11103.147734959082,-19041.243444851654
-7476.6107715271155,-16815.823637640733,-26155.036503754352,-15072.195589905368,-11103.147734959082,-19041.243444851654
-7488.197299949094,-16807.99015180265,-26127.783003656205,-15072.195589905368,-11103.147734959082,-19041.243444851654
-7473.393461106862,-16800.2082125853,-26127.02296406374,-15072.195589905368,-11103.147734959082,-19041.243444851654
-7454.48028150672,-16792.422806172795,-26130.36533083887,-15072.195589905368,-11103.147734959082,-19041.243444851654
-7440.379208705077,-16784.62248822003,-26128.865767734984,-15072.195589905368,-11103.147734959082,-19041.243444851654
-7419.579404878228,-16776.799689148233,-26134.01997341824,-15072.195589905368,-11103.147734959082,-19041.243444851654
-7414.0333604036,-16769.067374891227,-26124.101389378855,-15072.195589905368,-11103.147734959082,-19041.243444851654
-7393.150385259727,-16761.345679437505,-26129.540973615283,-15072.195589905368,-11103.147734959082,-19041.243444851654
-7383.2139471370265,-16753.558528624264,-26123.903110111503,-15072.195589905368,-11103.147734959082,-19041.243444851654
-7401.613493300962,-16745.731671190817,-26089.849849080674,-15072.195589905368,-11103.147734959082,-19041.243444851654
-7382.381638547646,-16737.878778535596,-26093.375918523547,-15072.195589905368,-11103.147734959082,-19041.243444851654
-7389.820199475122,-16729.896507700385,-26069.97281592565,-15072.195589905368,-11103.147734959082,-19041.243444851654
-7399.761025444221,-16721.85023673039,-26043.939448016565,-15072.195589905368,-11103.147734959082,-19041.243444851654
-7409.4056370621,-16713.688376384434,-26017.97111570677,-15072.195589905368,-11103.147734959082,-19041.243444851654
-7409.9867093378,-16705.480047462126,-26000.973385586454,-15072.195589905368,-11103.147734959082,-19041.243444851654
-7421.76692973167,-16697.300067742133,-25972.8332057526,-15072.195589905368,-11103.147734959082,-19041.243444851654
-7445.91861443141,-16689.031514320992,-25932.144414210576,-15072.195589905368,-11103.147734959082,-19041.243444851654
-7420.644765680932,-16680.83809441894,-25941.03142315695,-15072.195589905368,-11103.147734959082,-19041.243444851654
-7412.734131919611,-16672.644902180695,-25932.555672441777,-15072.195589905368,-11103.147734959082,-19041.243444851654
-7365.646283623297,-16664.444952834157,-25963.243622045018,-15072.195589905368,-11103.147734959082,-19041.243444851654
-7340.689495155037,-16656.3175080094,-25971.945520863766,-15072.195589905368,-11103.147734959082,-19041.243444851654
-7310.972493116973,-16648.129223575794,-25985.285954034614,-15072.195589905368,-11103.147734959082,-19041.243444851654
-7303.964236279111,-16639.973112465716,-25975.98198865232,-15072.195589905368,-11103.147734959082,-19041.243444851654
-7277.814719858616,-16631.858306756523,-25985.90189365443,-15072.195589905368,-11103.147734959082,-19041.243444851654
-7272.8327052207405,-16623.812503757832,-25974.792302294925,-15072.195589905368,-11103.147734959082,-19041.243444851654
-7291.854141911443,-16615.553718647898,-25939.253295384355,-15072.195589905368,-11103.147734959082,-19041.243444851654
-7275.655338444751,-16607.246701824533,-25938.838065204316,-15072.195589905368,-11103.147734959082,-19041.243444851654
-7261.471823667871,-16598.845150289846,-25936.21847691182,-15072.195589905368,-11103.147734959082,-19041.243444851654
-7248.614265962808,-16590.48647325906,-25932.358680555313,-15072.195589905368,-11103.147734959082,-19041.243444851654
-7217.352025642345,-16582.175908690973,-25946.999791739603,-15072.195589905368,-11103.147734959082,-19041.243444851654
-7190.122646682063,-16573.800108510986,-25957.47757033991,-15072.195589905368,-11103.147734959082,-19041.243444851654
-7196.421655070046,-16565.431672678184,-25934.441690286323,-15072.195589905368,-11103.147734959082,-19041.243444851654
-7202.702181014287,-16557.05643584504,-25911.41069067579,-15072.195589905368,-11103.147734959082,-19041.243444851654
-7182.829756968911,-16548.65968710856,-25914.48961724821,-15072.195589905368,-11103.147734959082,-19041.243444851654
-7165.300518437067,-16539.85486952121,-25914.40922060535,-15072.195589905368,-11103.147734959082,-19041.243444851654
-7132.972773562802,-16531.164927718964,-25929.357081875125,-15072.195589905368,-11103.147734959082,-19041.243444851654
-7108.070630372244,-16522.43837659819,-25936.80612282414,-15072.195589905368,-11103.147734959082,-19041.243444851654
-7094.361691211567,-16513.689403508048,-25933.017115804527,-15072.195589905368,-11103.147734959082,-19041.243444851654
-7078.09170188092,-16505.19851291585,-25932.30532395078,-15072.195589905368,-11103.147734959082,-19041.243444851654
-7040.845990705004,-16496.688880374648,-25952.53177004429,-15072.195589905368,-11103.147734959082,-19041.243444851654
-7062.951199848816,-16487.92591698585,-25912.90063412288,-15072.195589905368,-11103.147734959082,-19041.243444851654
-7046.917232070909,-16479.199164671387,-25911.481097271862,-15072.195589905368,-11103.147734959082,-19041.243444851654
-7049.042684054921,-16470.704169337387,-25892.365654619854,-15072.195589905368,-11103.147734959082,-19041.243444851654
-7053.131244201084,-16461.81424426295,-25870.49724432482,-15072.195589905368,-11103.147734959082,-19041.243444851654
-7062.36306784589,-16452.878074058197,-25843.393080270504,-15072.195589905368,-11103.147734959082,-19041.243444851654
-7097.457733273177,-16443.97660731592,-25790.49548135866,-15072.195589905368,-11103.147734959082,-19041.243444851654
-7131.933191447995,-16435.251959668716,-25738.570727889437,-15072.195589905368,-11103.147734959082,-19041.243444851654
-7115.489449184201,-16426.56448870045,-25737.6395282167,-15072.195589905368,-11103.147734959082,-19041.243444851654
-7141.299562471369,-16417.92459842895,-25694.549634386527,-15072.195589905368,-11103.147734959082,-19041.243444851654
-7131.331591455646,-16409.17262326624,-25687.013655076837,-15072.195589905368,-11103.147734959082,-19041.243444851654
-7123.119906734459,-16400.248335505938,-25677.37676427742,-15072.195589905368,-11103.147734959082,-19041.243444851654
-7128.279806298533,-16391.230114909904,-25654.180423521277,-15072.195589905368,-11103.147734959082,-19041.243444851654
-7156.445917193903,-16381.831090724538,-25607.21626425517,-15072.195589905368,-11103.147734959082,-19041.243444851654
-7143.156374708704,-16372.373646756607,-25601.59091880451,-15072.195589905368,-11103.147734959082,-19041.243444851654
-7097.662827711934,-16363.002972119531,-25628.34311652713,-15072.195589905368,-11103.147734959082,-19041.243444851654
-7108.781917770817,-16353.63986347905,-25598.497809187284,-15072.195589905368,-11103.147734959082,-19041.243444851654
-7106.666078962544,-16344.265462861676,-25581.864846760807,-15072.195589905368,-11103.147734959082,-19041.243444851654
-7094.08946148472,-16335.083798315869,-25576.078135147018,-15072.195589905368,-11103.147734959082,-19041.243444851654
-7091.471504885252,-16325.927599014154,-25560.383693143056,-15072.195589905368,-11103.147734959082,-19041.243444851654
-7074.5626664480405,-16316.834063447766,-25559.105460447492,-15072.195589905368,-11103.147734959082,-19041.243444851654
-7057.220021486639,-16307.759469463244,-25558.29891743985,-15072.195589905368,-11103.147734959082,-19041.243444851654
-7041.6815824842015,-16298.869124638317,-25556.056666792432,-15072.195589905368,-11103.147734959082,-19041.243444851654
-7051.95840156526,-16289.864460192053,-25527.77051881885,-15072.195589905368,-11103.147734959082,-19041.243444851654
-7078.554849337768,-16280.881161317851,-25483.207473297934,-15072.195589905368,-11103.147734959082,-19041.243444851654
-7070.653917860829,-16271.844762998042,-25473.035608135255,-15072.195589905368,-11103.147734959082,-19041.243444851654
-7053.352135039668,-16263.372029002456,-25473.391922965246,-15072.195589905368,-11103.147734959082,-19041.243444851654
-7039.725889728512,-16254.924211790996,-25470.12253385348,-15072.195589905368,-11103.147734959082,-19041.243444851654
-6997.380861200005,-16246.634871622678,-25495.88888204535,-15072.195589905368,-11103.147734959082,-19041.243444851654
-6976.371098103073,-16238.417369017543,-25500.463639932015,-15072.195589905368,-11103.147734959082,-19041.243444851654
-6961.49941580638,-16229.943282149816,-25498.387148493253,-15072.195589905368,-11103.147734959082,-19041.243444851654
-6959.101309008318,-16221.53732805225,-25483.973347096184,-15072.195589905368,-11103.147734959082,-19041.243444851654
-6957.491748532917,-16213.12340179477,-25468.755055056623,-15072.195589905368,-11103.147734959082,-19041.243444851654
-6921.419608629203,-16204.683835800883,-25487.948062972562,-15072.195589905368,-11103.147734959082,-19041.243444851654
-6901.705912104606,-16196.277395009094,-25490.84887791358,-15072.195589905368,-11103.147734959082,-19041.243444851654
-6909.7159728200895,-16187.843540371476,-25465.971107922862,-15072.195589905368,-11103.147734959082,-19041.243444851654
-6920.264280130039,-16179.385365441767,-25438.506450753495,-15072.195589905368,-11103.147734959082,-19041.243444851654
-6913.95096697052,-16170.735098847805,-25427.51923072509,-15072.195589905368,-11103.147734959082,-19041.243444851654
-6891.610441151266,-16162.036343308046,-25432.462245464827,-15072.195589905368,-11103.147734959082,-19041.243444851654
-6894.792998370145,-16153.315501487798,-25411.83800460545,-15072.195589905368,-11103.147734959082,-19041.243444851654
-6867.5218948311485,-16144.609296787467,-25421.696698743785,-15072.195589905368,-11103.147734959082,-19041.243444851654
-6883.009441141157,-16135.534344252634,-25388.059247364108,-15072.195589905368,-11103.147734959082,-19041.243444851654
-6883.665992164728,-16126.651066826791,-25369.636141488852,-15072.195589905368,-11103.147734959082,-19041.243444851654
-6879.731092691916,-16117.593636968413,-25355.45618124491,-15072.195589905368,-11103.147734959082,-19041.243444851654
-6896.113550721533,-16108.579957048103,-25321.046363374673,-15072.195589905368,-11103.147734959082,-19041.243444851654
-6906.604605682671,-16099.767904003635,-25292.9312023246,-15072.195589905368,-11103.147734959082,-19041.243444851654
-6894.768840597282,-16090.92172132588,-25287.074602054476,-15072.195589905368,-11103.147734959082,-19041.243444851654
-6869.781354090301,-16082.046854351445,-25294.31235461259,-15072.195589905368,-11103.147734959082,-19041.243444851654
-6854.15393245411,-16073.172969019728,-25292.192005585348,-15072.195589905368,-11103.147734959082,-19041.243444851654
-6850.911812328339,-16064.386009011387,-25277.860205694436,-15072.195589905368,-11103.147734959082,-19041.243444851654
-6851.211416687318,-16055.646097031846,-25260.080777376374,-15072.195589905368,-11103.147734959082,-19041.243444851654
-6819.873393265785,-16046.961257327312,-25274.049121388838,-15072.195589905368,-11103.147734959082,-19041.243444851654
-6836.688337233783,-16038.21241734323,-25239.736497452675,-15072.195589905368,-11103.147734959082,-19041.243444851654
-6838.155421619331,-16029.369431843586,-25220.583442067844,-15072.195589905368,-11103.147734959082,-19041.243444851654
-6863.312702755753,-16020.490410446357,-25177.66811813696,-15072.195589905368,-11103.147734959082,-19041.243444851654
-6877.671826975375,-16011.456860851653,-25145.24189472793,-15072.195589905368,-11103.147734959082,-19041.243444851654
-6885.197002463838,-16002.358528590075,-25119.52005471631,-15072.195589905368,-11103.147734959082,-19041.243444851654
-6856.213277723524,-15993.20909943331,-25130.204921143097,-15072.195589905368,-11103.147734959082,-19041.243444851654
-6848.115698359323,-15984.105004558403,-25120.094310757486,-15072.195589905368,-11103.147734959082,-19041.243444851654
-6832.623129099853,-15974.905907027329,-25117.188684954803,-15072.195589905368,-11103.147734959082,-19041.243444851654
-6857.5831842232055,-15965.60583205848,-25073.628479893756,-15072.195589905368,-11103.147734959082,-19041.243444851654
-6850.104736181514,-15956.08075156853,-25062.056766955546,-15072.195589905368,-11103.147734959082,-19041.243444851654
-6823.003301122828,-15946.211035954453,-25069.418770786076,-15072.195589905368,-11103.147734959082,-19041.243444851654
-6833.990674457726,-15936.23502004462,-25038.479365631516,-15072.195589905368,-11103.147734959082,-19041.243444851654
-6837.166891254688,-15926.282149168215,-25015.397407081742,-15072.195589905368,-11103.147734959082,-19041.243444851654
-6808.881206127433,-15916.367434218499,-25023.853662309564,-15072.195589905368,-11103.147734959082,-19041.243444851654
-6803.6120744134405,-15906.530873869404,-25009.44967332537,-15072.195589905368,-11103.147734959082,-19041.243444851654
-6815.962216011703,-15896.823346268564,-24977.684476525425,-15072.195589905368,-11103.147734959082,-19041.243444851654
-6811.061849316584,-15887.195167718262,-24963.328486119943,-15072.195589905368,-11103.147734959082,-19041.243444851654
-6791.814423755553,-15877.661273948732,-24963.50812414191,-15072.195589905368,-11103.147734959082,-19041.243444851654
-6788.196937865885,-15868.228776650643,-24948.2606154354,-15072.195589905368,-11103.147734959082,-19041.243444851654
-6780.387137957865,-15858.94035825954,-24937.493578561218,-15072.195589905368,-11103.147734959082,-19041.243444851654
-6774.298763197006,-15849.851703660375,-24925.404644123744,-15072.195589905368,-11103.147734959082,-19041.243444851654
-6751.649441205052,-15840.80730964501,-24929.965178084967,-15072.195589905368,-11103.147734959082,-19041.243444851654
-6712.340043033069,-15831.519672697896,-24950.699302362722,-15072.195589905368,-11103.147734959082,-19041.243444851654
-6737.635243888948,-15822.18158004267,-24906.727916196392,-15072.195589905368,-11103.147734959082,-19041.243444851654
-6729.050391637224,-15812.60428116343,-24896.15817068964,-15072.195589905368,-11103.147734959082,-19041.243444851654
-6751.296970102299,-15803.103159143957,-24854.909348185614,-15072.195589905368,-11103.147734959082,-19041.243444851654
-6733.560901629731,-15793.600504148264,-24853.640106666797,-15072.195589905368,-11103.147734959082,-19041.243444851654
-6734.038866787036,-15784.063911560017,-24834.088956333,-15072.195589905368,-11103.147734959082,-19041.243444851654
-6744.188161790809,-15774.447674709716,-24804.70718762862,-15072.195589905368,-11103.147734959082,-19041.243444851654
-6744.934606713638,-15765.24592027829,-24785.55723384294,-15072.195589905368,-11103.147734959082,-19041.243444851654
-6755.739053930958,-15756.108992378644,-24756.478930826328,-15072.195589905368,-11103.147734959082,-19041.243444851654
-6732.980625310451,-15747.079066609891,-24761.17750790933,-15072.195589905368,-11103.147734959082,-19041.243444851654
-6701.8215079933925,-15738.055102133245,-24774.2886962731,-15072.195589905368,-11103.147734959082,-19041.243444851654
-6700.07417502918,-15729.004849985313,-24757.935524941444,-15072.195589905368,-11103.147734959082,-19041.243444851654
-6693.801263090794,-15719.96271362374,-24746.124164156685,-15072.195589905368,-11103.147734959082,-19041.243444851654
-6684.539001501791,-15710.843189286848,-24737.147377071906,-15072.195589905368,-11103.147734959082,-19041.243444851654
-6640.087421876839,-15701.745073792104,-24763.40272570737,-15072.195589905368,-11103.147734959082,-19041.243444851654
-6648.988064070096,-15692.585447494921,-24736.182830919744,-15072.195589905368,-11103.147734959082,-19041.243444851654
-6635.50999076908,-15683.780357839478,-24732.050724909874,-15072.195589905368,-11103.147734959082,-19041.243444851654
-6629.31259961037,-15674.972838723657,-24720.633077836945,-15072.195589905368,-11103.147734959082,-19041.243444851654
-6642.672998619051,-15666.06623206064,-24689.45946550223,-15072.195589905368,-11103.147734959082,-19041.243444851654
-6630.314437646426,-15657.144039875868,-24683.97364210531,-15072.195589905368,-11103.147734959082,-19041.243444851654
-6630.317434968292,-15648.184630952675,-24666.05182693706,-15072.195589905368,-11103.147734959082,-19041.243444851654
-6656.809508108283,-15639.044321428291,-24621.2791347483,-15072.195589905368,-11103.147734959082,-19041.243444851654
-6634.9346438580815,-15630.144756511896,-24625.354869165712,-15072.195589905368,-11103.147734959082,-19041.243444851654
-6629.85237765746,-15621.226951260087,-24612.601524862715,-15072.195589905368,-11103.147734959082,-19041.243444851654
-6627.223334668273,-15612.242975981757,-24597.26261729524,-15072.195589905368,-11103.147734959082,-19041.243444851654
-6627.750537925936,-15603.653590912312,-24579.556643898686,-15072.195589905368,-11103.147734959082,-19041.243444851654
-6634.1568176873425,-15595.088361285787,-24556.019904884233,-15072.195589905368,-11103.147734959082,-19041.243444851654
-6610.591003253778,-15586.684088226022,-24562.777173198265,-15072.195589905368,-11103.147734959082,-19041.243444851654
-6602.152805404858,-15578.17967197386,-24554.20653854286,-15072.195589905368,-11103.147734959082,-19041.243444851654
-6598.294491624267,-15569.643805179587,-24540.993118734907,-15072.195589905368,-11103.147734959082,-19041.243444851654
-6599.454140720227,-15561.088300724608,-24522.72246072899,-15072.195589905368,-11103.147734959082,-19041.243444851654
-6582.113404964193,-15552.50346073548,-24522.893516506767,-15072.195589905368,-11103.147734959082,-19041.243444851654
-6571.792427254057,-15544.07728700016,-24516.362146746265,-15072.195589905368,-11103.147734959082,-19041.243444851654
-6550.781130296755,-15535.630120960459,-24520.47911162416,-15072.195589905368,-11103.147734959082,-19041.243444851654
-6537.49871535491,-15527.557099312044,-24517.615483269175,-15072.195589905368,-11103.147734959082,-19041.243444851654
-6527.5806001846995,-15519.6309572199,-24511.681314255104,-15072.195589905368,-11103.147734959082,-19041.243444851654
-6555.567211482046,-15511.499497213943,-24467.431782945838,-15072.195589905368,-11103.147734959082,-19041.243444851654
-6498.586309016548,-15503.25096757896,-24507.915626141374,-15072.195589905368,-11103.147734959082,-19041.243444851654
-6495.713774946611,-15495.030709466342,-24494.347643986075,-15072.195589905368,-11103.147734959082,-19041.243444851654
-6506.249058435205,-15486.700695513839,-24467.15233259247,-15072.195589905368,-11103.147734959082,-19041.243444851654
-6510.23234129298,-15478.177373155073,-24446.122405017166,-15072.195589905368,-11103.147734959082,-19041.243444851654
-6503.119082017178,-15469.584943918328,-24436.050805819475,-15072.195589905368,-11103.147734959082,-19041.243444851654
-6486.291657463858,-15461.041970958671,-24435.792284453484,-15072.195589905368,-11103.147734959082,-19041.243444851654
-6485.211779557363,-15452.352500929348,-24419.49322230133,-15072.195589905368,-11103.147734959082,-19041.243444851654
-6490.713282930585,-15443.716644276663,-24396.72000562274,-15072.195589905368,-11103.147734959082,-19041.243444851654
-6464.768791602879,-15434.772452652433,-24404.776113701984,-15072.195589905368,-11103.147734959082,-19041.243444851654
-6449.763700082978,-15425.849178306396,-24401.934656529815,-15072.195589905368,-11103.147734959082,-19041.243444851654
-6463.879357004102,-15416.656208040891,-24369.43305907768,-15072.195589905368,-11103.147734959082,-19041.243444851654
-6476.56686382264,-15407.655262361524,-24338.743660900407,-15072.195589905368,-11103.147734959082,-19041.243444851654
-6504.101438644675,-15398.527219645164,-24292.953000645655,-15072.195589905368,-11103.147734959082,-19041.243444851654
-6527.313701627947,-15389.507491041853,-24251.70128045576,-15072.195589905368,-11103.147734959082,-19041.243444851654
-6534.095887552256,-15380.523595463983,-24226.95130337571,-15072.195589905368,-11103.147734959082,-19041.243444851654
-6502.8018744555575,-15371.579500479795,-24240.35712650403,-15072.195589905368,-11103.147734959082,-19041.243444851654
-6498.978413169287,-15362.485194414143,-24225.991975659,-15072.195589905368,-11103.147734959082,-19041.243444851654
-6513.3264512637,-15353.323825742595,-24193.32120022149,-15072.195589905368,-11103.147734959082,-19041.243444851654
-6519.282538563977,-15344.130463530457,-24168.978388496937,-15072.195589905368,-11103.147734959082,-19041.243444851654
-6529.748919064061,-15334.892652573737,-24140.03638608341,-15072.195589905368,-11103.147734959082,-19041.243444851654
-6506.905616831236,-15325.658344485375,-24144.41107213951,-15072.195589905368,-11103.147734959082,-19041.243444851654
-6491.685237992924,-15316.522906350356,-24141.36057470779,-15072.195589905368,-11103.147734959082,-19041.243444851654
-6502.73365086663,-15307.47598372824,-24112.21831658985,-15072.195589905368,-11103.147734959082,-19041.243444851654
-6494.307863858843,-15298.437798821695,-24102.56773378455,-15072.195589905368,-11103.147734959082,-19041.243444851654
-6512.245680956457,-15289.427993422105,-24066.610305887752,-15072.195589905368,-11103.147734959082,-19041.243444851654
-6492.58670063826,-15280.544549310725,-24068.50239798319,-15072.195589905368,-11103.147734959082,-19041.243444851654
-6482.155911332939,-15271.63749522934,-24061.119079125743,-15072.195589905368,-11103.147734959082,-19041.243444851654
-6473.66114432414,-15262.95547282032,-24052.249801316502,-15072.195589905368,-11103.147734959082,-19041.243444851654
-6464.158925277174,-15254.262781439522,-24044.36663760187,-15072.195589905368,-11103.147734959082,-19041.243444851654
-6425.53109886022,-15245.661957008775,-24065.79281515733,-15072.195589905368,-11103.147734959082,-19041.243444851654
-6432.731336710556,-15236.866415150856,-24041.001493591157,-15072.195589905368,-11103.147734959082,-19041.243444851654
-6433.329184585962,-15228.001588276751,-24022.67399196754,-15072.195589905368,-11103.147734959082,-19041.243444851654
-6432.144297727953,-15218.954405762906,-24005.76451379786,-15072.195589905368,-11103.147734959082,-19041.243444851654
-6404.140685469281,-15209.901388407952,-24015.662091346625,-15072.195589905368,-11103.147734959082,-19041.243444851654
-6392.129676843981,-15200.780769575045,-24009.43186230611,-15072.195589905368,-11103.147734959082,-19041.243444851654
-6373.701513755648,-15191.649778778885,-24009.59804380212,-15072.195589905368,-11103.147734959082,-19041.243444851654
-6362.112226541971,-15182.542698650479,-24002.97317075899,-15072.195589905368,-11103.147734959082,-19041.243444851654
-6355.578965160812,-15173.34285193553,-23991.106738710245,-15072.195589905368,-11103.147734959082,-19041.243444851654
-6343.271855850595,-15164.147956038501,-23985.024056226408,-15072.195589905368,-11103.147734959082,-19041.243444851654
-6337.565328488539,-15155.085456329618,-23972.6055841707,-15072.195589905368,-11103.147734959082,-19041.243444851654
-6333.825602346111,-15146.01367975184,-23958.20175715757,-15072.195589905368,-11103.147734959082,-19041.243444851654
-6332.169026682468,-15137.056130046109,-23941.94323340975,-15072.195589905368,-11103.147734959082,-19041.243444851654
-6307.37941369472,-15127.983980671082,-23948.588547647443,-15072.195589905368,-11103.147734959082,-19041.243444851654
-6285.050828801759,-15118.93191611731,-23952.81300343286,-15072.195589905368,-11103.147734959082,-19041.243444851654
-6264.301505117233,-15109.945043751271,-23955.58858238531,-15072.195589905368,-11103.147734959082,-19041.243444851654
-6252.187732339495,-15101.182773265618,-23950.177814191742,-15072.195589905368,-11103.147734959082,-19041.243444851654
-6237.074144924329,-15092.677686495714,-23948.2812280671,-15072.195589905368,-11103.147734959082,-19041.243444851654
-6229.4752129099,-15084.270221589815,-23939.06523026973,-15072.195589905368,-11103.147734959082,-19041.243444851654
-6198.074506620143,-15075.785922297513,-23953.497337974884,-15072.195589905368,-11103.147734959082,-19041.243444851654
-6183.536109641716,-15067.268768841808,-23951.001428041898,-15072.195589905368,-11103.147734959082,-19041.243444851654
-6188.842639654658,-15058.52658830189,-23928.21053694912,-15072.195589905368,-11103.147734959082,-19041.243444851654
-6182.994536820272,-15049.660100310286,-23916.3256638003,-15072.195589905368,-11103.147734959082,-19041.243444851654
-6198.1872103486585,-15040.816562612225,-23883.44591487579,-15072.195589905368,-11103.147734959082,-19041.243444851654
-6188.7815565634955,-15032.00970998117,-23875.237863398845,-15072.195589905368,-11103.147734959082,-19041.243444851654
-6183.887503427464,-15023.033374896528,-23862.17924636559,-15072.195589905368,-11103.147734959082,-19041.243444851654
-6140.290935657311,-15014.074004273158,-23887.857072889004,-15072.195589905368,-11103.147734959082,-19041.243444851654
-6092.831280489943,-15005.071492820063,-23917.311705150183,-15072.195589905368,-11103.147734959082,-19041.243444851654
-6101.353801362215,-14996.034360621135,-23890.714919880054,-15072.195589905368,-11103.147734959082,-19041.243444851654
-6117.443712287535,-14987.248020594541,-23857.052328901547,-15072.195589905368,-11103.147734959082,-19041.243444851654
-6094.821749746805,-14978.414324853104,-23862.0068999594,-15072.195589905368,-11103.147734959082,-19041.243444851654
-6074.846848006919,-14969.80938435366,-23864.771920700405,-15072.195589905368,-11103.147734959082,-19041.243444851654
-6063.603710483143,-14961.173334385563,-23858.742958287985,-15072.195589905368,-11103.147734959082,-19041.243444851654
-6053.8002023537465,-14952.414656453697,-23851.029110553645,-15072.195589905368,-11103.147734959082,-19041.243444851654
-6030.079372494309,-14943.67213504513,-23857.264897595953,-15072.195589905368,-11103.147734959082,-19041.243444851654
-5988.2144501023795,-14934.85578535771,-23881.49712061304,-15072.195589905368,-11103.147734959082,-19041.243444851654
-5956.371990655869,-14925.735699608787,-23895.099408561706,-15072.195589905368,-11103.147734959082,-19041.243444851654
-5929.404841429952,-14916.65974051388,-23903.91463959781,-15072.195589905368,-11103.147734959082,-19041.243444851654
-5919.259191268047,-14907.495098478983,-23895.73100568992,-15072.195589905368,-11103.147734959082,-19041.243444851654
-5910.598314808902,-14898.228381507537,-23885.85844820617,-15072.195589905368,-11103.147734959082,-19041.243444851654
-5907.775111757008,-14888.460613803347,-23869.146115849686,-15072.195589905368,-11103.147734959082,-19041.243444851654
-5903.934530739038,-14878.41721714528,-23852.899903551523,-15072.195589905368,-11103.147734959082,-19041.243444851654
-5899.449818777985,-14868.447024284927,-23837.444229791872,-15072.195589905368,-11103.147734959082,-19041.243444851654
-5909.768151149039,-14858.415859850089,-23807.063568551137,-15072.195589905368,-11103.147734959082,-19041.243444851654
-5897.197666366683,-14848.466368737107,-23799.73507110753,-15072.195589905368,-11103.147734959082,-19041.243444851654
-5897.133363538609,-14838.537324818306,-23779.941286098,-15072.195589905368,-11103.147734959082,-19041.243444851654
-5883.6655466766915,-14828.526694107832,-23773.38784153897,-15072.195589905368,-11103.147734959082,-19041.243444851654
-5870.649455057617,-14818.620158088554,-23766.59086111949,-15072.195589905368,-11103.147734959082,-19041.243444851654
-5866.82456522643,-14808.73205817086,-23750.639551115288,-15072.195589905368,-11103.147734959082,-19041.243444851654
-5826.60263941053,-14798.81012462847,-23771.017609846407,-15072.195589905368,-11103.147734959082,-19041.243444851654
-5818.863688943411,-14789.092704228831,-23759.32171951425,-15072.195589905368,-11103.147734959082,-19041.243444851654
-5806.63988517578,-14779.33812895608,-23752.03637273638,-15072.195589905368,-11103.147734959082,-19041.243444851654
-5806.045523430652,-14769.446707124325,-23732.847890817997,-15072.195589905368,-11103.147734959082,-19041.243444851654
-5799.713630498163,-14759.61286234105,-23719.512094183934,-15072.195589905368,-11103.147734959082,-19041.243444851654
-5802.277728656623,-14749.758745094085,-23697.239761531546,-15072.195589905368,-11103.147734959082,-19041.243444851654
-5795.849991748271,-14739.93821356552,-23684.026435382766,-15072.195589905368,-11103.147734959082,-19041.243444851654
-5776.569938226659,-14730.113686257228,-23683.657434287794,-15072.195589905368,-11103.147734959082,-19041.243444851654
-5781.850550613961,-14720.184780753989,-23658.519010894015,-15072.195589905368,-11103.147734959082,-19041.243444851654
-5778.198210134275,-14710.296628145983,-23642.39504615769,-15072.195589905368,-11103.147734959082,-19041.243444851654
-5757.721997568275,-14700.435122410405,-23643.148247252535,-15072.195589905368,-11103.147734959082,-19041.243444851654
-5749.945967920768,-14690.617031526182,-23631.288095131596,-15072.195589905368,-11103.147734959082,-19041.243444851654
-5745.237866240484,-14680.71496649394,-23616.192066747397,-15072.195589905368,-11103.147734959082,-19041.243444851654
-5735.828495886057,-14670.774065275888,-23605.71963466572,-15072.195589905368,-11103.147734959082,-19041.243444851654
-5696.614982464191,-14660.719398380403,-23624.823814296615,-15072.195589905368,-11103.147734959082,-19041.243444851654
-5703.505421416647,-14650.641430568754,-23597.777439720863,-15072.195589905368,-11103.147734959082,-19041.243444851654
-5681.341262655977,-14640.67748607218,-23600.013709488383,-15072.195589905368,-11103.147734959082,-19041.243444851654
-5709.199201958041,-14630.787700988156,-23552.37620001827,-15072.195589905368,-11103.147734959082,-19041.243444851654
-5703.989303566439,-14620.79903461735,-23537.60876566826,-15072.195589905368,-11103.147734959082,-19041.243444851654
-5688.417585815168,-14610.934253645371,-23533.450921475574,-15072.195589905368,-11103.147734959082,-19041.243444851654
-5680.336552689088,-14601.176254452868,-23522.01595621665,-15072.195589905368,-11103.147734959082,-19041.243444851654
-5679.305659866337,-14591.270533759287,-23503.23540765224,-15072.195589905368,-11103.147734959082,-19041.243444851654
-5690.840860702356,-14581.403321120837,-23471.96578153932,-15072.195589905368,-11103.147734959082,-19041.243444851654
-5688.472211718838,-14571.65321801598,-23454.83422431312,-15072.195589905368,-11103.147734959082,-19041.243444851654
-5669.0502057734975,-14561.876018030849,-23454.7018302882,-15072.195589905368,-11103.147734959082,-19041.243444851654
-5660.420589442143,-14552.229620478261,-23444.03865151438,-15072.195589905368,-11103.147734959082,-19041.243444851654
-5652.778031640553,-14542.539720919927,-23432.301410199303,-15072.195589905368,-11103.147734959082,-19041.243444851654
-5642.886496215906,-14533.054638809532,-23423.222781403158,-15072.195589905368,-11103.147734959082,-19041.243444851654
-5614.191869513146,-14523.354907921495,-23432.517946329845,-15072.195589905368,-11103.147734959082,-19041.243444851654
-5606.1952757722775,-14513.72485618927,-23421.254436606265,-15072.195589905368,-11103.147734959082,-19041.243444851654
-5611.498967343381,-14503.993551251562,-23396.488135159743,-15072.195589905368,-11103.147734959082,-19041.243444851654
-5596.196475370225,-14494.421179042416,-23392.645882714605,-15072.195589905368,-11103.147734959082,-19041.243444851654
-5614.8532820801665,-14484.7031752344,-23354.55306838863,-15072.195589905368,-11103.147734959082,-19041.243444851654
-5604.153431201341,-14475.1321489761,-23346.11086675086,-15072.195589905368,-11103.147734959082,-19041.243444851654
-5590.618244067655,-14465.678158995852,-23340.738073924047,-15072.195589905368,-11103.147734959082,-19041.243444851654
-5606.523707554148,-14456.359847201915,-23306.19598684968,-15072.195589905368,-11103.147734959082,-19041.243444851654
-5591.061989694568,-14447.133257673995,-23303.204525653422,-15072.195589905368,-11103.147734959082,-19041.243444851654
-5574.510663227369,-14437.753271915662,-23300.995880603958,-15072.195589905368,-11103.147734959082,-19041.243444851654
-5581.510783205367,-14428.430652030036,-23275.350520854707,-15072.195589905368,-11103.147734959082,-19041.243444851654
-5581.713382141159,-14419.10861046028,-23256.5038387794,-15072.195589905368,-11103.147734959082,-19041.243444851654
-5576.036000111448,-14409.801591304886,-23243.567182498322,-15072.195589905368,-11103.147734959082,-19041.243444851654
-5570.5589429672455,-14400.561542865737,-23230.564142764226,-15072.195589905368,-11103.147734959082,-19041.243444851654
-5558.8137396674265,-14391.587156896285,-23224.360574125145,-15072.195589905368,-11103.147734959082,-19041.243444851654
-5539.578772369412,-14382.65814968857,-23225.73752700773,-15072.195589905368,-11103.147734959082,-19041.243444851654
-5510.587472178413,-14373.74053886336,-23236.893605548306,-15072.195589905368,-11103.147734959082,-19041.243444851654
-5505.628075871766,-14364.50958608435,-23223.391096296935,-15072.195589905368,-11103.147734959082,-19041.243444851654
-5510.9954855411725,-14355.173706991749,-23199.351928442324,-15072.195589905368,-11103.147734959082,-19041.243444851654
-5498.075187964736,-14346.019885675054,-23193.964583385372,-15072.195589905368,-11103.147734959082,-19041.243444851654
-5499.852000366471,-14337.013163448133,-23174.174326529796,-15072.195589905368,-11103.147734959082,-19041.243444851654
-5489.605069218254,-14328.045323582432,-23166.48557794661,-15072.195589905368,-11103.147734959082,-19041.243444851654
-5470.505324971475,-14318.904934306267,-23167.30454364106,-15072.195589905368,-11103.147734959082,-19041.243444851654
-5451.8428902297455,-14309.838614559392,-23167.83433888904,-15072.195589905368,-11103.147734959082,-19041.243444851654
-5453.023645183395,-14300.743305031114,-23148.462964878832,-15072.195589905368,-11103.147734959082,-19041.243444851654
-5446.332776343281,-14291.654026232352,-23136.975276121426,-15072.195589905368,-11103.147734959082,-19041.243444851654
-5446.238587530532,-14282.746688531468,-23119.254789532402,-15072.195589905368,-11103.147734959082,-19041.243444851654
-5426.867568474159,-14273.86227747652,-23120.85698647888,-15072.195589905368,-11103.147734959082,-19041.243444851654
-5426.709360538285,-14264.708939565387,-23102.708518592488,-15072.195589905368,-11103.147734959082,-19041.243444851654
-5408.223469763601,-14255.544886269907,-23102.866302776212,-15072.195589905368,-11103.147734959082,-19041.243444851654
-5391.059236003433,-14246.172104152867,-23101.284972302303,-15072.195589905368,-11103.147734959082,-19041.243444851654
-5404.678536307054,-14236.903623195587,-23069.128710084122,-15072.195589905368,-11103.147734959082,-19041.243444851654
-5389.3121365652805,-14227.554923454885,-23065.79771034449,-15072.195589905368,-11103.147734959082,-19041.243444851654
-5379.450570113293,-14218.207954641655,-23056.96533917002,-15072.195589905368,-11103.147734959082,-19041.243444851654
-5377.442084365142,-14208.885611709771,-23040.3291390544,-15072.195589905368,-11103.147734959082,-19041.243444851654
-5370.507438304496,-14199.56850673532,-23028.629575166146,-15072.195589905368,-11103.147734959082,-19041.243444851654
-5358.299089516066,-14190.259652384286,-23022.220215252506,-15072.195589905368,-11103.147734959082,-19041.243444851654
-5357.424333749283,-14181.077924729107,-23004.731515708932,-15072.195589905368,-11103.147734959082,-19041.243444851654
-5350.820434265792,-14171.886745795298,-22992.953057324805,-15072.195589905368,-11103.147734959082,-19041.243444851654
-5345.514401178425,-14162.763154286033,-22980.01190739364,-15072.195589905368,-11103.147734959082,-19041.243444851654
-5339.162710292709,-14153.70779193609,-22968.252873579473,-15072.195589905368,-11103.147734959082,-19041.243444851654
-5337.819147836846,-14144.639371133395,-22951.459594429944,-15072.195589905368,-11103.147734959082,-19041.243444851654
-5335.854944641063,-14135.531998365957,-22935.209052090853,-15072.195589905368,-11103.147734959082,-19041.243444851654
-5342.733825004441,-14126.539148059364,-22910.344471114287,-15072.195589905368,-11103.147734959082,-19041.243444851654
-5365.967698559256,-14117.518903046635,-22869.070107534015,-15072.195589905368,-11103.147734959082,-19041.243444851654
-5388.0379670967795,-14108.626467277334,-22829.21496745789,-15072.195589905368,-11103.147734959082,-19041.243444851654
-5398.019761033631,-14099.76280582916,-22801.505850624686,-15072.195589905368,-11103.147734959082,-19041.243444851654
-5375.647652960632,-14090.883767593446,-22806.11988222626,-15072.195589905368,-11103.147734959082,-19041.243444851654
-5384.039500969986,-14082.068958826128,-22780.09841668227,-15072.195589905368,-11103.147734959082,-19041.243444851654
-5395.392565143924,-14073.208080842398,-22751.023596540872,-15072.195589905368,-11103.147734959082,-19041.243444851654
-5373.846581737529,-14064.369888876487,-22754.893196015444,-15072.195589905368,-11103.147734959082,-19041.243444851654
-5377.644114247261,-14055.61649782283,-22733.5888813984,-15072.195589905368,-11103.147734959082,-19041.243444851654
-5382.786244801275,-14046.773176347331,-22710.760107893388,-15072.195589905368,-11103.147734959082,-19041.243444851654
-5397.293881948113,-14038.072752442984,-22678.851622937855,-15072.195589905368,-11103.147734959082,-19041.243444851654
-5385.024836470378,-14029.647048262814,-22674.269260055247,-15072.195589905368,-11103.147734959082,-19041.243444851654
-5388.27888957613,-14021.224332316055,-22654.16977505598,-15072.195589905368,-11103.147734959082,-19041.243444851654
-5392.818243303314,-14012.6896725781,-22632.561101852887,-15072.195589905368,-11103.147734959082,-19041.243444851654
-5399.371358271468,-14004.26526412912,-22609.15916998677,-15072.195589905368,-11103.147734959082,-19041.243444851654
-5397.471463127869,-13996.356015033078,-22595.240566938286,-15072.195589905368,-11103.147734959082,-19041.243444851654
-5394.117986000929,-13988.770847364383,-22583.423708727838,-15072.195589905368,-11103.147734959082,-19041.243444851654
-5361.907539881106,-13981.14025330174,-22600.372966722374,-15072.195589905368,-11103.147734959082,-19041.243444851654
-5343.419839251768,-13973.357833418277,-22603.295827584785,-15072.195589905368,-11103.147734959082,-19041.243444851654
-5333.679017570701,-13965.598112526128,-22597.517207481556,-15072.195589905368,-11103.147734959082,-19041.243444851654
-5328.457353117781,-13957.842908599836,-22587.22846408189,-15072.195589905368,-11103.147734959082,-19041.243444851654
-5344.986498726927,-13949.81013429138,-22554.633769855835,-15072.195589905368,-11103.147734959082,-19041.243444851654
-5315.250519495708,-13941.809983674464,-22568.36944785322,-15072.195589905368,-11103.147734959082,-19041.243444851654
-5283.515129637912,-13933.812896944479,-22584.110664251046,-15072.195589905368,-11103.147734959082,-19041.243444851654
-5314.702499751274,-13925.823885642438,-22536.9452715336,-15072.195589905368,-11103.147734959082,-19041.243444851654
-5303.549453416334,-13917.85510687432,-22532.160760332306,-15072.195589905368,-11103.147734959082,-19041.243444851654
-5302.119798785327,-13909.931689169613,-22517.7435795539,-15072.195589905368,-11103.147734959082,-19041.243444851654
-5283.038644645263,-13901.851241022734,-22520.663837400207,-15072.195589905368,-11103.147734959082,-19041.243444851654
-5278.495940568331,-13893.78249690099,-22509.069053233652,-15072.195589905368,-11103.147734959082,-19041.243444851654
-5261.366730907021,-13885.713709956,-22510.060689004982,-15072.195589905368,-11103.147734959082,-19041.243444851654
-5232.7061789519685,-13877.474313315708,-22522.242447679448,-15072.195589905368,-11103.147734959082,-19041.243444851654
-5229.473974966804,-13869.22146169714,-22508.968948427475,-15072.195589905368,-11103.147734959082,-19041.243444851654
-5219.864384956098,-13861.101800678565,-22502.339216401033,-15072.195589905368,-11103.147734959082,-19041.243444851654
-5216.137176842507,-13852.91017347178,-22489.683170101052,-15072.195589905368,-11103.147734959082,-19041.243444851654
-5215.268824228482,-13844.677858097557,-22474.08689196663,-15072.195589905368,-11103.147734959082,-19041.243444851654
-5211.816052309092,-13836.51816197236,-22461.22027163563,-15072.195589905368,-11103.147734959082,-19041.243444851654
-5190.31459738915,-13828.498343455649,-22466.682089522146,-15072.195589905368,-11103.147734959082,-19041.243444851654
-5194.145458802881,-13820.6257579256,-22447.106057048317,-15072.195589905368,-11103.147734959082,-19041.243444851654
-5198.613774302634,-13812.915935516097,-22427.21809672956,-15072.195589905368,-11103.147734959082,-19041.243444851654
-5168.7007509935775,-13805.199129557888,-22441.697508122197,-15072.195589905368,-11103.147734959082,-19041.243444851654
-5180.938945242056,-13797.568961636838,-22414.19897803162,-15072.195589905368,-11103.147734959082,-19041.243444851654
-5190.8244497436535,-13789.953544863649,-22389.082639983644,-15072.195589905368,-11103.147734959082,-19041.243444851654
-5170.013666952937,-13782.379072871774,-22394.744478790613,-15072.195589905368,-11103.147734959082,-19041.243444851654
-5176.36911628543,-13774.813169026565,-22373.2572217677,-15072.195589905368,-11103.147734959082,-19041.243444851654
-5156.500564141612,-13767.277567702864,-22378.054571264118,-15072.195589905368,-11103.147734959082,-19041.243444851654
-5147.922518423806,-13759.92178856041,-22371.921058697015,-15072.195589905368,-11103.147734959082,-19041.243444851654
-5141.8400657130205,-13752.542768869314,-22363.245472025606,-15072.195589905368,-11103.147734959082,-19041.243444851654
-5117.3272833526735,-13745.190557308852,-22373.05383126503,-15072.195589905368,-11103.147734959082,-19041.243444851654
-5106.669473477181,-13737.925833471472,-22369.182193465764,-15072.195589905368,-11103.147734959082,-19041.243444851654
-5100.5381889893015,-13730.72776275051,-22360.917336511717,-15072.195589905368,-11103.147734959082,-19041.243444851654
-5099.660934106874,-13723.538473600642,-22347.416013094407,-15072.195589905368,-11103.147734959082,-19041.243444851654
-5093.587792793565,-13716.304237073804,-22339.020681354043,-15072.195589905368,-11103.147734959082,-19041.243444851654
-5110.542592585949,-13709.250554890137,-22307.958517194325,-15072.195589905368,-11103.147734959082,-19041.243444851654
-5119.962187768966,-13702.251549574452,-22284.54091137994,-15072.195589905368,-11103.147734959082,-19041.243444851654
-5109.369906331711,-13695.220475798027,-22281.071045264343,-15072.195589905368,-11103.147734959082,-19041.243444851654
-5107.3583560151,-13688.079558216186,-22268.800760417274,-15072.195589905368,-11103.147734959082,-19041.243444851654
-5098.746143375334,-13681.074064647755,-22263.401985920176,-15072.195589905368,-11103.147734959082,-19041.243444851654
-5071.07706759824,-13674.077457892356,-22277.07784818647,-15072.195589905368,-11103.147734959082,-19041.243444851654
-5072.158306365467,-13667.058074343062,-22261.957842320655,-15072.195589905368,-11103.147734959082,-19041.243444851654
-5024.937057145973,-13660.004517793737,-22295.0719784415,-15072.195589905368,-11103.147734959082,-19041.243444851654
-5015.604571603211,-13652.954551451101,-22290.304531298993,-15072.195589905368,-11103.147734959082,-19041.243444851654
-5025.390192544966,-13646.154759000077,-22266.919325455186,-15072.195589905368,-11103.147734959082,-19041.243444851654
-5009.367037608268,-13639.394934973616,-22269.42283233896,-15072.195589905368,-11103.147734959082,-19041.243444851654
-4983.721002765567,-13632.563151966417,-22281.405301167266,-15072.195589905368,-11103.147734959082,-19041.243444851654
-4962.133769214228,-13625.629680208247,-22289.125591202268,-15072.195589905368,-11103.147734959082,-19041.243444851654
-4936.826265885216,-13618.658437725806,-22300.490609566397,-15072.195589905368,-11103.147734959082,-19041.243444851654
-4951.345952427542,-13611.689913079947,-22272.03387373235,-15072.195589905368,-11103.147734959082,-19041.243444851654
-4948.5431752338245,-13604.687602773894,-22260.832030313963,-15072.195589905368,-11103.147734959082,-19041.243444851654
-4964.277080441685,-13597.68336912857,-22231.089657815457,-15072.195589905368,-11103.147734959082,-19041.243444851654
-4976.622239604225,-13590.827301513229,-22205.032363422233,-15072.195589905368,-11103.147734959082,-19041.243444851654
-4966.288160680942,-13583.891811760208,-22201.495462839473,-15072.195589905368,-11103.147734959082,-19041.243444851654
-4952.009861550754,-13576.908876041103,-22201.807890531454,-15072.195589905368,-11103.147734959082,-19041.243444851654
-4927.622925155707,-13569.898906825894,-22212.174888496083,-15072.195589905368,-11103.147734959082,-19041.243444851654
-4916.766918788695,-13563.038943258873,-22209.31096772905,-15072.195589905368,-11103.147734959082,-19041.243444851654
-4906.059712076285,-13556.328991966175,-22206.598271856063,-15072.195589905368,-11103.147734959082,-19041.243444851654
-4914.242275169834,-13549.571423852547,-22184.90057253526,-15072.195589905368,-11103.147734959082,-19041.243444851654
-4927.453271583807,-13542.820519272826,-22158.187766961844,-15072.195589905368,-11103.147734959082,-19041.243444851654
-4916.922637941221,-13536.116432028213,-22155.310226115205,-15072.195589905368,-11103.147734959082,-19041.243444851654
-4867.607501504428,-13529.448182312251,-22191.288863120077,-15072.195589905368,-11103.147734959082,-19041.243444851654
-4873.951861443422,-13522.827328536981,-22171.70279563054,-15072.195589905368,-11103.147734959082,-19041.243444851654
-4854.64518971406,-13516.509676544258,-22178.374163374458,-15072.195589905368,-11103.147734959082,-19041.243444851654
-4859.222048386964,-13510.15334158483,-22161.084634782696,-15072.195589905368,-11103.147734959082,-19041.243444851654
-4854.058051807164,-13503.862975905598,-22153.66790000403,-15072.195589905368,-11103.147734959082,-19041.243444851654
-4836.753654903676,-13497.566287648418,-22158.37892039316,-15072.195589905368,-11103.147734959082,-19041.243444851654
-4852.817603904754,-13491.414808654436,-22130.012013404117,-15072.195589905368,-11103.147734959082,-19041.243444851654
-4865.029860594897,-13485.034341109407,-22105.038821623915,-15072.195589905368,-11103.147734959082,-19041.243444851654
-4848.496168733882,-13478.660300089045,-22108.824431444205,-15072.195589905368,-11103.147734959082,-19041.243444851654
-4869.901002994575,-13472.144954953239,-22074.388906911903,-15072.195589905368,-11103.147734959082,-19041.243444851654
-4871.711274353662,-13465.582426919851,-22059.453579486042,-15072.195589905368,-11103.147734959082,-19041.243444851654
-4875.323961938941,-13459.01158258129,-22042.699203223638,-15072.195589905368,-11103.147734959082,-19041.243444851654
-4881.914387089359,-13452.449043389166,-22022.98369968897,-15072.195589905368,-11103.147734959082,-19041.243444851654
-4871.559638672365,-13446.016108387941,-22020.472578103516,-15072.195589905368,-11103.147734959082,-19041.243444851654
-4866.709779396355,-13439.55664238174,-22012.403505367125,-15072.195589905368,-11103.147734959082,-19041.243444851654
-4852.042030187042,-13433.090278363563,-22014.138526540082,-15072.195589905368,-11103.147734959082,-19041.243444851654
-4861.704788883848,-13426.616990899702,-21991.529192915557,-15072.195589905368,-11103.147734959082,-19041.243444851654
-4860.269433842615,-13420.207624721392,-21980.145815600168,-15072.195589905368,-11103.147734959082,-19041.243444851654
-4859.63618873059,-13413.817172504183,-21967.998156277776,-15072.195589905368,-11103.147734959082,-19041.243444851654
-4856.6340381046575,-13407.400564627857,-21958.167091151056,-15072.195589905368,-11103.147734959082,-19041.243444851654
-4850.359844389452,-13400.95230019197,-21951.544755994488,-15072.195589905368,-11103.147734959082,-19041.243444851654
-4869.9690915754,-13394.489522751992,-21919.009953928584,-15072.195589905368,-11103.147734959082,-19041.243444851654
-4868.793964462386,-13388.072809433905,-21907.351654405422,-15072.195589905368,-11103.147734959082,-19041.243444851654
-4861.966889197374,-13381.726732779534,-21901.486576361694,-15072.195589905368,-11103.147734959082,-19041.243444851654
-4871.930519917338,-13375.248130188365,-21878.565740459395,-15072.195589905368,-11103.147734959082,-19041.243444851654
-4859.707241520135,-13368.776327728028,-21877.845413935924,-15072.195589905368,-11103.147734959082,-19041.243444851654
-4834.912332125248,-13362.370644283028,-21889.828956440808,-15072.195589905368,-11103.147734959082,-19041.243444851654
-4838.232320599895,-13355.95654037346,-21873.680760147025,-15072.195589905368,-11103.147734959082,-19041.243444851654
-4845.658931230726,-13349.574621730351,-21853.490312229977,-15072.195589905368,-11103.147734959082,-19041.243444851654
-4852.656399425243,-13343.084630631882,-21833.51286183852,-15072.195589905368,-11103.147734959082,-19041.243444851654
-4854.036564483607,-13336.726359606388,-21819.416154729166,-15072.195589905368,-11103.147734959082,-19041.243444851654
-4843.291339003699,-13330.344649198702,-21817.397959393704,-15072.195589905368,-11103.147734959082,-19041.243444851654
-4845.479995101936,-13323.846946116495,-21802.213897131056,-15072.195589905368,-11103.147734959082,-19041.243444851654
-4838.177656718342,-13317.33906152117,-21796.500466323996,-15072.195589905368,-11103.147734959082,-19041.243444851654
-4842.974744518551,-13310.812130573318,-21778.649516628087,-15072.195589905368,-11103.147734959082,-19041.243444851654
-4863.117590426347,-13304.476113816916,-21745.834637207485,-15072.195589905368,-11103.147734959082,-19041.243444851654
-4854.865823039956,-13298.13592612652,-21741.406029213085,-15072.195589905368,-11103.147734959082,-19041.243444851654
-4840.78216567834,-13291.812703935235,-21742.84324219213,-15072.195589905368,-11103.147734959082,-19041.243444851654
-4815.66278160171,-13285.75874473347,-21755.85470786523,-15072.195589905368,-11103.147734959082,-19041.243444851654
-4826.412948835759,-13279.658252719486,-21732.90355660321,-15072.195589905368,-11103.147734959082,-19041.243444851654
-4857.233378986937,-13273.585986027927,-21689.938593068917,-15072.195589905368,-11103.147734959082,-19041.243444851654
-4830.679598005967,-13267.463975385856,-21704.248352765746,-15072.195589905368,-11103.147734959082,-19041.243444851654
-4828.821612353551,-13261.359889489997,-21693.898166626444,-15072.195589905368,-11103.147734959082,-19041.243444851654
-4833.454469388436,-13255.234309471054,-21677.014149553674,-15072.195589905368,-11103.147734959082,-19041.243444851654
-4843.003505011624,-13249.36538255168,-21655.727260091735,-15072.195589905368,-11103.147734959082,-19041.243444851654
-4813.475444700629,-13243.486440632494,-21673.497436564357,-15072.195589905368,-11103.147734959082,-19041.243444851654
-4816.168489964006,-13237.60203167181,-21659.035573379613,-15072.195589905368,-11103.147734959082,-19041.243444851654
-4827.32986101248,-13231.852332635186,-21636.37480425789,-15072.195589905368,-11103.147734959082,-19041.243444851654
-4824.974183716473,-13226.029985851139,-21627.085787985805,-15072.195589905368,-11103.147734959082,-19041.243444851654
-4818.223493483098,-13220.261134537352,-21622.298775591604,-15072.195589905368,-11103.147734959082,-19041.243444851654
-4792.477617510616,-13214.437923652507,-21636.3982297944,-15072.195589905368,-11103.147734959082,-19041.243444851654
-4784.944982200386,-13208.657897931056,-21632.370813661728,-15072.195589905368,-11103.147734959082,-19041.243444851654
-4791.162372388824,-13202.790778401783,-21614.419184414743,-15072.195589905368,-11103.147734959082,-19041.243444851654
-4766.421570343373,-13196.787166475582,-21627.15276260779,-15072.195589905368,-11103.147734959082,-19041.243444851654
-4742.611938618777,-13190.744772939015,-21638.87760725925,-15072.195589905368,-11103.147734959082,-19041.243444851654
-4752.6555392784285,-13184.698125550884,-21616.74071182334,-15072.195589905368,-11103.147734959082,-19041.243444851654
-4769.335063178034,-13178.663323121684,-21587.991583065334,-15072.195589905368,-11103.147734959082,-19041.243444851654
-4758.180837303111,-13172.585900059652,-21586.99096281619,-15072.195589905368,-11103.147734959082,-19041.243444851654
-4728.290121365459,-13166.511567165297,-21604.733012965135,-15072.195589905368,-11103.147734959082,-19041.243444851654
-4738.8866116248555,-13160.513033188465,-21582.139454752076,-15072.195589905368,-11103.147734959082,-19041.243444851654
-4686.408221446969,-13154.424965143235,-21622.4417088395,-15072.195589905368,-11103.147734959082,-19041.243444851654
-4675.139278217124,-13148.36557213277,-21621.591866048417,-15072.195589905368,-11103.147734959082,-19041.243444851654
-4660.065517389137,-13142.334227834284,-21624.60293827943,-15072.195589905368,-11103.147734959082,-19041.243444851654
-4657.831047713007,-13136.315361842231,-21614.799675971455,-15072.195589905368,-11103.147734959082,-19041.243444851654
-4646.1642325040775,-13130.272814616274,-21614.38139672847,-15072.195589905368,-11103.147734959082,-19041.243444851654
-4643.937647845116,-13124.220723179278,-21604.50379851344,-15072.195589905368,-11103.147734959082,-19041.243444851654
-4609.968399456249,-13118.273608279944,-21626.57881710364,-15072.195589905368,-11103.147734959082,-19041.243444851654
-4601.803050095199,-13112.18001152811,-21622.55697296102,-15072.195589905368,-11103.147734959082,-19041.243444851654
-4590.549998064393,-13106.11118259807,-21621.672367131745,-15072.195589905368,-11103.147734959082,-19041.243444851654
-4568.423291496205,-13099.878139867096,-21631.332988237988,-15072.195589905368,-11103.147734959082,-19041.243444851654
-4536.768286777722,-13093.649693963642,-21650.53110114956,-15072.195589905368,-11103.147734959082,-19041.243444851654
-4524.291752195599,-13087.390885994242,-21650.490019792887,-15072.195589905368,-11103.147734959082,-19041.243444851654
-4510.788575368986,-13081.284020914847,-21651.779466460706,-15072.195589905368,-11103.147734959082,-19041.243444851654
-4489.554304354726,-13075.144929044127,-21660.735553733528,-15072.195589905368,-11103.147734959082,-19041.243444851654
-4498.99608797417,-13068.987272912495,-21638.97845785082,-15072.195589905368,-11103.147734959082,-19041.243444851654
-4490.350283567301,-13062.764925873656,-21635.179568180014,-15072.195589905368,-11103.147734959082,-19041.243444851654
-4502.3807665947115,-13056.55790919788,-21610.73505180105,-15072.195589905368,-11103.147734959082,-19041.243444851654
-4484.427864530626,-13050.190094445268,-21615.95232435991,-15072.195589905368,-11103.147734959082,-19041.243444851654
-4467.866243467723,-13043.794397896005,-21619.72255232429,-15072.195589905368,-11103.147734959082,-19041.243444851654
-4455.021346085428,-13037.395126440919,-21619.76890679641,-15072.195589905368,-11103.147734959082,-19041.243444851654
-4455.823930479191,-13031.073427572428,-21606.322924665663,-15072.195589905368,-11103.147734959082,-19041.243444851654
-4445.583589609849,-13024.73321405247,-21603.88283849509,-15072.195589905368,-11103.147734959082,-19041.243444851654
-4459.579069658041,-13018.354806608088,-21577.130543558134,-15072.195589905368,-11103.147734959082,-19041.243444851654
-4451.293058209414,-13011.910908390115,-21572.528758570814,-15072.195589905368,-11103.147734959082,-19041.243444851654
-4450.815825387233,-13005.407675660672,-21559.99952593411,-15072.195589905368,-11103.147734959082,-19041.243444851654
-4422.061878131035,-12998.798142587533,-21575.534407044033,-15072.195589905368,-11103.147734959082,-19041.243444851654
-4414.41002305033,-12992.306194997425,-21570.20236694452,-15072.195589905368,-11103.147734959082,-19041.243444851654
-4415.74720271464,-12985.793447101745,-21555.83969148885,-15072.195589905368,-11103.147734959082,-19041.243444851654
-4425.567597867635,-12979.414544517944,-21533.261491168254,-15072.195589905368,-11103.147734959082,-19041.243444851654
-4428.764011246005,-12973.071202672436,-21517.378394098865,-15072.195589905368,-11103.147734959082,-19041.243444851654
-4413.5779252672655,-12966.72616085381,-21519.874396440355,-15072.195589905368,-11103.147734959082,-19041.243444851654
-4433.994969371572,-12960.374675871342,-21486.754382371113,-15072.195589905368,-11103.147734959082,-19041.243444851654
-4404.798805801172,-12953.92073568104,-21503.042665560908,-15072.195589905368,-11103.147734959082,-19041.243444851654
-4388.432496156343,-12947.483079464171,-21506.533662772,-15072.195589905368,-11103.147734959082,-19041.243444851654
-4390.674642961616,-12941.004040443111,-21491.333437924608,-15072.195589905368,-11103.147734959082,-19041.243444851654
-4425.101747415012,-12934.517886881142,-21443.93402634727,-15072.195589905368,-11103.147734959082,-19041.243444851654
-4417.219893832691,-12928.003151103909,-21438.786408375126,-15072.195589905368,-11103.147734959082,-19041.243444851654
-4422.059612092609,-12921.456372711187,-21420.853133329765,-15072.195589905368,-11103.147734959082,-19041.243444851654
-4416.767747105769,-12915.00328554106,-21413.238823976353,-15072.195589905368,-11103.147734959082,-19041.243444851654
-4421.510401321993,-12908.464827474418,-21395.419253626842,-15072.195589905368,-11103.147734959082,-19041.243444851654
-4417.142405418757,-12901.602535047434,-21386.06266467611,-15072.195589905368,-11103.147734959082,-19041.243444851654
-4391.135715522856,-12894.708161102442,-21398.280606682027,-15072.195589905368,-11103.147734959082,-19041.243444851654
-4375.760008778361,-12888.094383247932,-21400.428757717502,-15072.195589905368,-11103.147734959082,-19041.243444851654
-4371.538099542719,-12881.464619918828,-21391.391140294938,-15072.195589905368,-11103.147734959082,-19041.243444851654
-4358.325432791789,-12875.021259672078,-21391.717086552366,-15072.195589905368,-11103.147734959082,-19041.243444851654
-4334.812893276396,-12868.619090438371,-21402.425287600345,-15072.195589905368,-11103.147734959082,-19041.243444851654
-4332.544313448627,-12862.192697223078,-21391.84108099753,-15072.195589905368,-11103.147734959082,-19041.243444851654
-4323.113598433565,-12855.822611524298,-21388.531624615032,-15072.195589905368,-11103.147734959082,-19041.243444851654
-4306.354917738847,-12849.473209987147,-21392.591502235446,-15072.195589905368,-11103.147734959082,-19041.243444851654
-4282.088736507521,-12843.01714650748,-21403.94555650744,-15072.195589905368,-11103.147734959082,-19041.243444851654
-4261.936613358495,-12836.532600834138,-21411.12858830978,-15072.195589905368,-11103.147734959082,-19041.243444851654
-4249.372471066015,-12829.9483827633,-21410.524294460585,-15072.195589905368,-11103.147734959082,-19041.243444851654
-4227.492721137047,-12823.362324005057,-21419.231926873064,-15072.195589905368,-11103.147734959082,-19041.243444851654
-4194.388239400007,-12816.779942765463,-21439.17164613092,-15072.195589905368,-11103.147734959082,-19041.243444851654
-4156.384372568184,-12810.227580284543,-21464.070788000903,-15072.195589905368,-11103.147734959082,-19041.243444851654
-4151.571208532487,-12803.698914841107,-21455.826621149725,-15072.195589905368,-11103.147734959082,-19041.243444851654
-4145.131443596034,-12797.21363623474,-21449.295828873444,-15072.195589905368,-11103.147734959082,-19041.243444851654
-4124.763484527268,-12790.653278567677,-21456.54307260809,-15072.195589905368,-11103.147734959082,-19041.243444851654
-4112.567839008851,-12784.037412268264,-21455.506985527678,-15072.195589905368,-11103.147734959082,-19041.243444851654
-4097.276781497532,-12777.534335954051,-21457.791890410568,-15072.195589905368,-11103.147734959082,-19041.243444851654
-4084.423857316857,-12771.018055611114,-21457.61225390537,-15072.195589905368,-11103.147734959082,-19041.243444851654
-4097.132108134974,-12764.582430796198,-21432.03275345742,-15072.195589905368,-11103.147734959082,-19041.243444851654
-4093.3077403146217,-12758.04558500715,-21422.78342969968,-15072.195589905368,-11103.147734959082,-19041.243444851654
-4077.8813867880835,-12751.499066386494,-21425.116745984902,-15072.195589905368,-11103.147734959082,-19041.243444851654
-4070.405255911721,-12745.053916860905,-21419.702577810087,-15072.195589905368,-11103.147734959082,-19041.243444851654
-4071.973904195658,-12738.545534730569,-21405.11716526548,-15072.195589905368,-11103.147734959082,-19041.243444851654
-4042.2755507038983,-12731.959783152131,-21421.644015600366,-15072.195589905368,-11103.147734959082,-19041.243444851654
-4014.9326438836397,-12725.406958769121,-21435.881273654602,-15072.195589905368,-11103.147734959082,-19041.243444851654
-4002.7395499734484,-12718.850832811468,-21434.962115649487,-15072.195589905368,-11103.147734959082,-19041.243444851654
-4012.6482767916004,-12712.27068113644,-21411.89308548128,-15072.195589905368,-11103.147734959082,-19041.243444851654
-3977.9912277754047,-12705.517499192456,-21433.043770609507,-15072.195589905368,-11103.147734959082,-19041.243444851654
-3972.9431633605873,-12698.753397556336,-21424.563631752084,-15072.195589905368,-11103.147734959082,-19041.243444851654
-3952.9796834960725,-12691.965544927602,-21430.95140635913,-15072.195589905368,-11103.147734959082,-19041.243444851654
-3964.4413951335537,-12685.262908849538,-21406.084422565524,-15072.195589905368,-11103.147734959082,-19041.243444851654
-3956.254033739089,-12678.605434684565,-21400.95683563004,-15072.195589905368,-11103.147734959082,-19041.243444851654
-3943.7301932650353,-12671.847623995212,-21399.96505472539,-15072.195589905368,-11103.147734959082,-19041.243444851654
-3931.623477887215,-12665.10604946316,-21398.588621039104,-15072.195589905368,-11103.147734959082,-19041.243444851654
-3913.674746993198,-12658.361473512896,-21403.048200032594,-15072.195589905368,-11103.147734959082,-19041.243444851654
-3880.2678501614846,-12651.570073758498,-21422.872297355512,-15072.195589905368,-11103.147734959082,-19041.243444851654
-3894.9125445259833,-12644.80860873914,-21394.7046729523,-15072.195589905368,-11103.147734959082,-19041.243444851654
-3890.598762327374,-12637.925868064498,-21385.252973801624,-15072.195589905368,-11103.147734959082,-19041.243444851654
-3873.3214780754024,-12630.998905239152,-21388.6763324029,-15072.195589905368,-11103.147734959082,-19041.243444851654
-3853.2557845389856,-12624.081457636668,-21394.90713073435,-15072.195589905368,-11103.147734959082,-19041.243444851654
-3852.838255969875,-12617.114743084212,-21381.391230198547,-15072.195589905368,-11103.147734959082,-19041.243444851654
-3844.6790498681457,-12610.049344552126,-21375.419639236105,-15072.195589905368,-11103.147734959082,-19041.243444851654
-3855.9380376502304,-12602.924856934324,-21349.911676218417,-15072.195589905368,-11103.147734959082,-19041.243444851654
-3849.434711654123,-12595.7706951969,-21342.106678739678,-15072.195589905368,-11103.147734959082,-19041.243444851654
-3837.4809177996285,-12588.782791480846,-21340.084665162063,-15072.195589905368,-11103.147734959082,-19041.243444851654
-3860.231767685871,-12581.896988075798,-21303.562208465723,-15072.195589905368,-11103.147734959082,-19041.243444851654
-3866.882585612835,-12575.054260337769,-21283.225935062703,-15072.195589905368,-11103.147734959082,-19041.243444851654
-3850.3483700956585,-12568.105094080769,-21285.86181806588,-15072.195589905368,-11103.147734959082,-19041.243444851654
-3848.79791230268,-12561.120877574871,-21273.44384284706,-15072.195589905368,-11103.147734959082,-19041.243444851654
-3842.746364123939,-12554.014853533326,-21265.283342942712,-15072.195589905368,-11103.147734959082,-19041.243444851654
-3845.6876258376633,-12546.855717250613,-21248.023808663565,-15072.195589905368,-11103.147734959082,-19041.243444851654
-3837.0543375076577,-12539.602610733189,-21242.15088395872,-15072.195589905368,-11103.147734959082,-19041.243444851654
-3862.8026904620638,-12532.455521158774,-21202.108351855484,-15072.195589905368,-11103.147734959082,-19041.243444851654
-3874.014384616261,-12525.28872769005,-21176.563070763837,-15072.195589905368,-11103.147734959082,-19041.243444851654
-3878.5595522945423,-12518.024044513566,-21157.48853673259,-15072.195589905368,-11103.147734959082,-19041.243444851654
-3877.852815229873,-12510.738646001375,-21143.62447677288,-15072.195589905368,-11103.147734959082,-19041.243444851654
-3879.9101643955764,-12503.432983043043,-21126.95580169051,-15072.195589905368,-11103.147734959082,-19041.243444851654
-3871.153841286072,-12496.091280054949,-21121.028718823825,-15072.195589905368,-11103.147734959082,-19041.243444851654
-3889.9246631511887,-12488.777993854757,-21087.631324558326,-15072.195589905368,-11103.147734959082,-19041.243444851654
-3892.6103352652462,-12481.653635672861,-21070.696936080476,-15072.195589905368,-11103.147734959082,-19041.243444851654
-3885.4594781337128,-12474.542278968458,-21063.625079803205,-15072.195589905368,-11103.147734959082,-19041.243444851654
-3884.263714573086,-12467.63090054924,-21050.998086525397,-15072.195589905368,-11103.147734959082,-19041.243444851654
-3875.787626102143,-12460.669445452055,-21045.551264801965,-15072.195589905368,-11103.147734959082,-19041.243444851654
-3856.785860987313,-12453.662216798622,-21050.538572609934,-15072.195589905368,-11103.147734959082,-19041.243444851654
-3841.4740831768795,-12446.617124155402,-21051.760165133925,-15072.195589905368,-11103.147734959082,-19041.243444851654
-3827.5464196825997,-12439.480301099398,-21051.414182516197,-15072.195589905368,-11103.147734959082,-19041.243444851654
-3803.707713425738,-12432.269456571596,-21060.831199717453,-15072.195589905368,-11103.147734959082,-19041.243444851654
-3803.626127611773,-12425.138159358217,-21046.65019110466,-15072.195589905368,-11103.147734959082,-19041.243444851654
-3792.815205558045,-12418.028322523372,-21043.241439488702,-15072.195589905368,-11103.147734959082,-19041.243444851654
-3788.2375472921485,-12411.015513399796,-21033.793479507443,-15072.195589905368,-11103.147734959082,-19041.243444851654
-3788.653516696024,-12404.025377052012,-21019.397237408,-15072.195589905368,-11103.147734959082,-19041.243444851654
-3795.15244834282,-12396.936753305557,-20998.721058268296,-15072.195589905368,-11103.147734959082,-19041.243444851654
-3781.5779391669057,-12389.841832291333,-20998.10572541576,-15072.195589905368,-11103.147734959082,-19041.243444851654
-3764.5993259900915,-12382.836356785028,-21001.073387579963,-15072.195589905368,-11103.147734959082,-19041.243444851654
-3735.9620955766914,-12375.927881466989,-21015.893667357286,-15072.195589905368,-11103.147734959082,-19041.243444851654
-3719.3331264666176,-12369.103234065595,-21018.87334166457,-15072.195589905368,-11103.147734959082,-19041.243444851654
-3707.640494225403,-12362.294409362037,-21016.94832449867,-15072.195589905368,-11103.147734959082,-19041.243444851654
-3719.3095311643774,-12355.481735204972,-20991.653939245567,-15072.195589905368,-11103.147734959082,-19041.243444851654
-3696.555515697135,-12348.700068259639,-21000.844620822143,-15072.195589905368,-11103.147734959082,-19041.243444851654
-3686.9462488825448,-12342.087591379304,-20997.228933876064,-15072.195589905368,-11103.147734959082,-19041.243444851654
-3651.8580317196283,-12335.406817879453,-21018.955604039278,-15072.195589905368,-11103.147734959082,-19041.243444851654
-3633.026946449487,-12328.72545773716,-21024.423969024836,-15072.195589905368,-11103.147734959082,-19041.243444851654
-3624.0791989301324,-12321.933557794751,-21019.78791665937,-15072.195589905368,-11103.147734959082,-19041.243444851654
-3614.1704212143195,-12315.073618681809,-21015.976816149298,-15072.195589905368,-11103.147734959082,-19041.243444851654
-3607.913603389645,-12308.345965001496,-21008.77832661335,-15072.195589905368,-11103.147734959082,-19041.243444851654
-3580.4076752185465,-12301.637371693521,-21022.867068168496,-15072.195589905368,-11103.147734959082,-19041.243444851654
-3576.2964434606984,-12294.987236614526,-21013.678029768354,-15072.195589905368,-11103.147734959082,-19041.243444851654
-3559.0792026288273,-12288.334352786327,-21017.589502943825,-15072.195589905368,-11103.147734959082,-19041.243444851654
-3548.303706261413,-12281.692290570421,-21015.08087487943,-15072.195589905368,-11103.147734959082,-19041.243444851654
-3517.943262524799,-12274.95021160157,-21031.957160678343,-15072.195589905368,-11103.147734959082,-19041.243444851654
-3500.411994225933,-12268.174332351917,-21035.936670477902,-15072.195589905368,-11103.147734959082,-19041.243444851654
-3485.471989023845,-12261.629730075112,-21037.78747112638,-15072.195589905368,-11103.147734959082,-19041.243444851654
-3475.068801946665,-12255.426922960289,-21035.785043973912,-15072.195589905368,-11103.147734959082,-19041.243444851654
-3488.131524931736,-12249.263374902395,-21010.395224873057,-15072.195589905368,-11103.147734959082,-19041.243444851654
-3478.0986649914794,-12242.9235082558,-21007.748351520124,-15072.195589905368,-11103.147734959082,-19041.243444851654
-3453.410720358055,-12236.628784212855,-21019.846848067653,-15072.195589905368,-11103.147734959082,-19041.243444851654
-3446.8846055557096,-12230.26032740444,-21013.636049253168,-15072.195589905368,-11103.147734959082,-19041.243444851654
-3446.069901885836,-12223.786185532643,-21001.50246917945,-15072.195589905368,-11103.147734959082,-19041.243444851654
-3418.8638837811595,-12217.285448328625,-21015.70701287609,-15072.195589905368,-11103.147734959082,-19041.243444851654
-3408.261708581529,-12210.732357752364,-21013.2030069232,-15072.195589905368,-11103.147734959082,-19041.243444851654
-3408.0495718147613,-12204.114050677372,-21000.178529539982,-15072.195589905368,-11103.147734959082,-19041.243444851654
-3405.3829435897387,-12197.585880621036,-20989.788817652334,-15072.195589905368,-11103.147734959082,-19041.243444851654
-3405.6355828712985,-12191.091639645885,-20976.54769642047,-15072.195589905368,-11103.147734959082,-19041.243444851654
-3384.8071813035967,-12184.695693281918,-20984.58420526024,-15072.195589905368,-11103.147734959082,-19041.243444851654
-3380.696414641732,-12178.270723734651,-20975.845032827572,-15072.195589905368,-11103.147734959082,-19041.243444851654
-3401.5574207682184,-12171.855060748256,-20942.152700728293,-15072.195589905368,-11103.147734959082,-19041.243444851654
-3429.885222843286,-12165.456638894877,-20901.028054946466,-15072.195589905368,-11103.147734959082,-19041.243444851654
-3395.4505832119557,-12158.993508649639,-20922.53643408732,-15072.195589905368,-11103.147734959082,-19041.243444851654
-3378.5081935409544,-12152.439151284263,-20926.37010902757,-15072.195589905368,-11103.147734959082,-19041.243444851654
-3355.139694997515,-12145.880987919814,-20936.622280842115,-15072.195589905368,-11103.147734959082,-19041.243444851654
-3336.138541896449,-12139.416101667459,-20942.69366143847,-15072.195589905368,-11103.147734959082,-19041.243444851654
-3318.6129043479177,-12132.925670026765,-20947.238435705614,-15072.195589905368,-11103.147734959082,-19041.243444851654
-3301.9019801110953,-12126.431106939657,-20950.96023376822,-15072.195589905368,-11103.147734959082,-19041.243444851654
-3300.2212806328007,-12119.873713091181,-20939.526145549564,-15072.195589905368,-11103.147734959082,-19041.243444851654
-3274.1532545196733,-12113.233246518817,-20952.313238517963,-15072.195589905368,-11103.147734959082,-19041.243444851654
-3271.045571975046,-12106.545120671797,-20942.044669368548,-15072.195589905368,-11103.147734959082,-19041.243444851654
-3264.308889152544,-12099.851655772763,-20935.394422392983,-15072.195589905368,-11103.147734959082,-19041.243444851654
-3234.8555376284257,-12093.290009515576,-20951.72448140273,-15072.195589905368,-11103.147734959082,-19041.243444851654
-3257.1449833040497,-12086.804357234314,-20916.46373116458,-15072.195589905368,-11103.147734959082,-19041.243444851654
-3248.683251115892,-12080.380357727301,-20912.077464338712,-15072.195589905368,-11103.147734959082,-19041.243444851654
-3260.6931408858763,-12073.85713945042,-20887.021138014963,-15072.195589905368,-11103.147734959082,-19041.243444851654
-3240.2486704714884,-12067.381934731957,-20894.515198992427,-15072.195589905368,-11103.147734959082,-19041.243444851654
-3261.3024699173566,-12061.064718103691,-20860.826966290027,-15072.195589905368,-11103.147734959082,-19041.243444851654
-3273.3703979869224,-12054.75185265938,-20836.13330733184,-15072.195589905368,-11103.147734959082,-19041.243444851654
-3281.544182117803,-12048.239301759608,-20814.934421401413,-15072.195589905368,-11103.147734959082,-19041.243444851654
-3278.9246510637986,-12041.55145734165,-20804.1782636195,-15072.195589905368,-11103.147734959082,-19041.243444851654
-3266.192818084024,-12034.824295817698,-20803.455773551374,-15072.195589905368,-11103.147734959082,-19041.243444851654
-3269.1842078168957,-12028.05031031069,-20786.916412804483,-15072.195589905368,-11103.147734959082,-19041.243444851654
-3280.950642508815,-12021.369344207616,-20761.788045906418,-15072.195589905368,-11103.147734959082,-19041.243444851654
-3266.7356180273873,-12014.690329654577,-20762.645041281765,-15072.195589905368,-11103.147734959082,-19041.243444851654
-3280.901150661306,-12008.081352087527,-20735.26155351375,-15072.195589905368,-11103.147734959082,-19041.243444851654
-3248.4404724052856,-12001.497086396494,-20754.553700387703,-15072.195589905368,-11103.147734959082,-19041.243444851654
-3240.6546769783035,-11995.02608177218,-20749.397486566057,-15072.195589905368,-11103.147734959082,-19041.243444851654
-3248.075732540483,-11988.495432886004,-20728.915133231523,-15072.195589905368,-11103.147734959082,-19041.243444851654
-3220.2197638937723,-11981.939154529588,-20743.658545165403,-15072.195589905368,-11103.147734959082,-19041.243444851654
-3219.494818397736,-11975.506261342562,-20731.517704287387,-15072.195589905368,-11103.147734959082,-19041.243444851654
-3208.532302615842,-11968.94898586905,-20729.365669122257,-15072.195589905368,-11103.147734959082,-19041.243444851654
-3190.9455665654405,-11962.577353577144,-20734.20914058885,-15072.195589905368,-11103.147734959082,-19041.243444851654
-3176.5333503948477,-11956.240686322262,-20735.94802224968,-15072.195589905368,-11103.147734959082,-19041.243444851654
-3175.3279744852516,-11949.960808932814,-20724.593643380376,-15072.195589905368,-11103.147734959082,-19041.243444851654
-3161.6243688146787,-11943.701224838293,-20725.778080861906,-15072.195589905368,-11103.147734959082,-19041.243444851654
-3156.797577195717,-11937.442021483028,-20718.08646577034,-15072.195589905368,-11103.147734959082,-19041.243444851654
-3140.476418745702,-11931.250143898173,-20722.023869050645,-15072.195589905368,-11103.147734959082,-19041.243444851654
-3125.686343054276,-11925.069023366954,-20724.45170367963,-15072.195589905368,-11103.147734959082,-19041.243444851654
-3124.918957508462,-11919.035705917055,-20713.152454325646,-15072.195589905368,-11103.147734959082,-19041.243444851654
-3127.180116262034,-11913.013233049958,-20698.846349837884,-15072.195589905368,-11103.147734959082,-19041.243444851654
-3120.0791977881418,-11907.08447250171,-20694.08974721528,-15072.195589905368,-11103.147734959082,-19041.243444851654
-3101.450034049263,-11901.17638011743,-20700.902726185595,-15072.195589905368,-11103.147734959082,-19041.243444851654
-3083.464490535969,-11895.259981693847,-20707.055472851724,-15072.195589905368,-11103.147734959082,-19041.243444851654
-3065.4583074519305,-11889.403611156418,-20713.348914860908,-15072.195589905368,-11103.147734959082,-19041.243444851654
-3030.532559418536,-11883.48050041509,-20736.42844141164,-15072.195589905368,-11103.147734959082,-19041.243444851654
-3024.401737568982,-11877.606496647077,-20730.811255725173,-15072.195589905368,-11103.147734959082,-19041.243444851654
-2999.238225275738,-11871.660334779597,-20744.082444283456,-15072.195589905368,-11103.147734959082,-19041.243444851654
-2998.0360903865276,-11865.684181114297,-20733.332271842068,-15072.195589905368,-11103.147734959082,-19041.243444851654
-2968.2630593095328,-11859.64620788573,-20751.029356461928,-15072.195589905368,-11103.147734959082,-19041.243444851654
-2949.465174320203,-11853.446444543215,-20757.42771476623,-15072.195589905368,-11103.147734959082,-19041.243444851654
-2923.385729546557,-11847.17248056406,-20770.959231581564,-15072.195589905368,-11103.147734959082,-19041.243444851654
-2935.5316140858904,-11840.937481774763,-20746.343349463634,-15072.195589905368,-11103.147734959082,-19041.243444851654
-2912.2076052187913,-11834.914352409287,-20757.621099599783,-15072.195589905368,-11103.147734959082,-19041.243444851654
-2921.4087865883375,-11828.909415493128,-20736.41004439792,-15072.195589905368,-11103.147734959082,-19041.243444851654
-2912.2204353800607,-11823.042294441319,-20733.864153502574,-15072.195589905368,-11103.147734959082,-19041.243444851654
-2912.332113815208,-11817.249666116953,-20722.167218418697,-15072.195589905368,-11103.147734959082,-19041.243444851654
-2891.86190518229,-11811.316237953542,-20730.770570724795,-15072.195589905368,-11103.147734959082,-19041.243444851654
-2857.066191929536,-11805.405039468287,-20753.74388700704,-15072.195589905368,-11103.147734959082,-19041.243444851654
-2836.7694567768394,-11799.562166908236,-20762.35487703963,-15072.195589905368,-11103.147734959082,-19041.243444851654
-2842.411007352299,-11793.591540935975,-20744.77207451965,-15072.195589905368,-11103.147734959082,-19041.243444851654
-2830.2838251882204,-11787.6213134718,-20744.95880175538,-15072.195589905368,-11103.147734959082,-19041.243444851654
-2822.5078919065872,-11781.672100202106,-20740.836308497623,-15072.195589905368,-11103.147734959082,-19041.243444851654
-2830.786759945833,-11775.747468918196,-20720.70817789056,-15072.195589905368,-11103.147734959082,-19041.243444851654
-2838.2991942054396,-11769.791962322817,-20701.284730440195,-15072.195589905368,-11103.147734959082,-19041.243444851654
-2843.0286110873476,-11763.805987989219,-20684.583364891092,-15072.195589905368,-11103.147734959082,-19041.243444851654
-2842.38429555959,-11757.810270651784,-20673.236245743978,-15072.195589905368,-11103.147734959082,-19041.243444851654
-2832.3402658837877,-11751.874127378633,-20671.407988873478,-15072.195589905368,-11103.147734959082,-19041.243444851654
-2829.9366627972086,-11745.949169879032,-20661.961676960855,-15072.195589905368,-11103.147734959082,-19041.243444851654
-2816.548964106094,-11740.07586660163,-20663.602769097168,-15072.195589905368,-11103.147734959082,-19041.243444851654
-2818.57587651235,-11734.187087426719,-20649.798298341088,-15072.195589905368,-11103.147734959082,-19041.243444851654
-2827.8261527365576,-11728.242978661236,-20628.659804585914,-15072.195589905368,-11103.147734959082,-19041.243444851654
-2827.7521181983866,-11722.339684443568,-20616.92725068875,-15072.195589905368,-11103.147734959082,-19041.243444851654
-2827.7052760191727,-11716.491508588582,-20605.277741157992,-15072.195589905368,-11103.147734959082,-19041.243444851654
-2812.529514476475,-11710.608800274116,-20608.688086071757,-15072.195589905368,-11103.147734959082,-19041.243444851654
-2837.667216328695,-11704.69832264676,-20571.729428964827,-15072.195589905368,-11103.147734959082,-19041.243444851654
-2820.516156263191,-11698.790099135262,-20577.064042007332,-15072.195589905368,-11103.147734959082,-19041.243444851654
-2813.030029443291,-11692.855183677719,-20572.68033791215,-15072.195589905368,-11103.147734959082,-19041.243444851654
-2799.8355350766833,-11686.834115433841,-20573.832695791,-15072.195589905368,-11103.147734959082,-19041.243444851654
-2788.799319596501,-11680.886538402034,-20572.97375720757,-15072.195589905368,-11103.147734959082,-19041.243444851654
-2790.975735942591,-11674.86373590032,-20558.75173585805,-15072.195589905368,-11103.147734959082,-19041.243444851654
-2776.1458137816753,-11668.816325080943,-20561.48683638021,-15072.195589905368,-11103.147734959082,-19041.243444851654
-2768.0323058577505,-11662.784033532207,-20557.535761206665,-15072.195589905368,-11103.147734959082,-19041.243444851654
-2756.050237261661,-11656.63454894456,-20557.218860627458,-15072.195589905368,-11103.147734959082,-19041.243444851654
-2730.181120841029,-11650.643504235803,-20571.105887630576,-15072.195589905368,-11103.147734959082,-19041.243444851654
-2754.416161785406,-11644.609795224012,-20534.80342866262,-15072.195589905368,-11103.147734959082,-19041.243444851654
-2746.2300474673793,-11638.546452441447,-20530.862857415515,-15072.195589905368,-11103.147734959082,-19041.243444851654
-2750.6754728846445,-11632.609770909856,-20514.544068935065,-15072.195589905368,-11103.147734959082,-19041.243444851654
-2742.4483644197644,-11626.649786108846,-20510.85120779793,-15072.195589905368,-11103.147734959082,-19041.243444851654
-2741.7287018438255,-11620.718111235576,-20499.707520627326,-15072.195589905368,-11103.147734959082,-19041.243444851654
-2736.155346389498,-11614.550062745308,-20492.94477910112,-15072.195589905368,-11103.147734959082,-19041.243444851654
-2748.513286826448,-11608.38699425039,-20468.26070167433,-15072.195589905368,-11103.147734959082,-19041.243444851654
-2733.357402575015,-11602.228226683548,-20471.09905079208,-15072.195589905368,-11103.147734959082,-19041.243444851654
-2737.914053395283,-11596.078743968015,-20454.243434540746,-15072.195589905368,-11103.147734959082,-19041.243444851654
-2703.208595414215,-11589.926230277422,-20476.643865140628,-15072.195589905368,-11103.147734959082,-19041.243444851654
-2683.279858474758,-11583.751208554035,-20484.22255863331,-15072.195589905368,-11103.147734959082,-19041.243444851654
-2659.755034386031,-11577.573173964955,-20495.391313543878,-15072.195589905368,-11103.147734959082,-19041.243444851654
-2650.247527856038,-11571.391806739008,-20492.536085621978,-15072.195589905368,-11103.147734959082,-19041.243444851654
-2646.607081567754,-11565.189694246492,-20483.77230692523,-15072.195589905368,-11103.147734959082,-19041.243444851654
-2669.1035518337358,-11559.023854291254,-20448.944156748774,-15072.195589905368,-11103.147734959082,-19041.243444851654
-2657.752194415825,-11552.689539028544,-20447.626883641264,-15072.195589905368,-11103.147734959082,-19041.243444851654
-2644.6981410583976,-11546.326770022044,-20447.95539898569,-15072.195589905368,-11103.147734959082,-19041.243444851654
-2658.0514855702986,-11539.828044385958,-20421.604603201617,-15072.195589905368,-11103.147734959082,-19041.243444851654
-2653.187332330446,-11533.274699678333,-20413.36206702622,-15072.195589905368,-11103.147734959082,-19041.243444851654
-2678.5478859112827,-11526.867459327343,-20375.1870327434,-15072.195589905368,-11103.147734959082,-19041.243444851654
-2676.1778401155734,-11520.414790049068,-20364.65173998256,-15072.195589905368,-11103.147734959082,-19041.243444851654
-2669.945579129033,-11513.754538137922,-20357.56349714681,-15072.195589905368,-11103.147734959082,-19041.243444851654
-2665.116228865727,-11507.092002175408,-20349.06777548509,-15072.195589905368,-11103.147734959082,-19041.243444851654
-2648.6296118215687,-11500.432417003844,-20352.23522218612,-15072.195589905368,-11103.147734959082,-19041.243444851654
-2650.2540829735335,-11493.822627327996,-20337.39117168246,-15072.195589905368,-11103.147734959082,-19041.243444851654
-2618.176486240438,-11487.321907046633,-20356.467327852828,-15072.195589905368,-11103.147734959082,-19041.243444851654
-2615.3181944792777,-11480.856618565032,-20346.395042650787,-15072.195589905368,-11103.147734959082,-19041.243444851654
-2596.040432871616,-11474.447082721197,-20352.85373257078,-15072.195589905368,-11103.147734959082,-19041.243444851654
-2587.8216934697466,-11467.9912439948,-20348.160794519856,-15072.195589905368,-11103.147734959082,-19041.243444851654
-2599.8377224451397,-11461.674493215154,-20323.51126398517,-15072.195589905368,-11103.147734959082,-19041.243444851654
-2584.731439943418,-11455.526052698422,-20326.320665453426,-15072.195589905368,-11103.147734959082,-19041.243444851654
-2563.602237456693,-11449.379362332314,-20335.156487207936,-15072.195589905368,-11103.147734959082,-19041.243444851654
-2551.1486988427187,-11443.34431689262,-20335.53993494252,-15072.195589905368,-11103.147734959082,-19041.243444851654
-2541.296686842088,-11437.306646097923,-20333.316605353757,-15072.195589905368,-11103.147734959082,-19041.243444851654
-2541.4626638900463,-11431.182429206063,-20320.90219452208,-15072.195589905368,-11103.147734959082,-19041.243444851654
-2541.472429988886,-11424.9947992821,-20308.517168575316,-15072.195589905368,-11103.147734959082,-19041.243444851654
-2543.580350451166,-11418.799552293587,-20294.018754136006,-15072.195589905368,-11103.147734959082,-19041.243444851654
-2526.6267886827063,-11412.626148537562,-20298.62550839242,-15072.195589905368,-11103.147734959082,-19041.243444851654
-2517.089913296846,-11406.442582973266,-20295.79525264969,-15072.195589905368,-11103.147734959082,-19041.243444851654
-2532.9782947105796,-11400.221185333437,-20267.464075956297,-15072.195589905368,-11103.147734959082,-19041.243444851654
-2511.198548538752,-11393.926353098304,-20276.654157657857,-15072.195589905368,-11103.147734959082,-19041.243444851654
-2501.1625723900415,-11387.748285518865,-20274.333998647686,-15072.195589905368,-11103.147734959082,-19041.243444851654
-2514.0840976267737,-11381.476505887036,-20248.8689141473,-15072.195589905368,-11103.147734959082,-19041.243444851654
-2489.9056555670704,-11375.143054832164,-20260.380454097256,-15072.195589905368,-11103.147734959082,-19041.243444851654
-2463.4074398921493,-11368.80011418351,-20274.192788474873,-15072.195589905368,-11103.147734959082,-19041.243444851654
-2466.447054584083,-11362.483307515666,-20258.519560447246,-15072.195589905368,-11103.147734959082,-19041.243444851654
-2468.5596286178843,-11356.029072099627,-20243.49851558137,-15072.195589905368,-11103.147734959082,-19041.243444851654
-2465.8975706519523,-11349.630961578812,-20233.364352505672,-15072.195589905368,-11103.147734959082,-19041.243444851654
-2447.769925234439,-11343.221005506211,-20238.672085777984,-15072.195589905368,-11103.147734959082,-19041.243444851654
-2422.7700606755243,-11336.792270316751,-20250.81447995798,-15072.195589905368,-11103.147734959082,-19041.243444851654
-2399.211738123646,-11330.442728767586,-20261.673719411527,-15072.195589905368,-11103.147734959082,-19041.243444851654
-2385.340746889071,-11324.074693595505,-20262.80864030194,-15072.195589905368,-11103.147734959082,-19041.243444851654
-2406.5735798251008,-11317.692276974834,-20228.810974124568,-15072.195589905368,-11103.147734959082,-19041.243444851654
-2397.618964034129,-11311.302469312765,-20224.9859745914,-15072.195589905368,-11103.147734959082,-19041.243444851654
-2393.1921260427443,-11304.951319464015,-20216.710512885285,-15072.195589905368,-11103.147734959082,-19041.243444851654
-2403.656151453024,-11298.677095343015,-20193.698039233008,-15072.195589905368,-11103.147734959082,-19041.243444851654
-2401.379501798303,-11292.393547162204,-20183.407592526106,-15072.195589905368,-11103.147734959082,-19041.243444851654
-2421.826930196705,-11286.190319565188,-20150.553708933672,-15072.195589905368,-11103.147734959082,-19041.243444851654
-2396.523091813846,-11279.917800163556,-20163.312508513263,-15072.195589905368,-11103.147734959082,-19041.243444851654
-2393.786300580892,-11273.739737575133,-20153.693174569373,-15072.195589905368,-11103.147734959082,-19041.243444851654
-2382.607172174381,-11267.734697845997,-20152.862223517615,-15072.195589905368,-11103.147734959082,-19041.243444851654
-2400.1777256010646,-11261.779446890285,-20123.381168179505,-15072.195589905368,-11103.147734959082,-19041.243444851654
-2393.4874682257305,-11255.808288551727,-20118.12910887772,-15072.195589905368,-11103.147734959082,-19041.243444851654
-2400.0131994617495,-11249.8446975801,-20099.67619569845,-15072.195589905368,-11103.147734959082,-19041.243444851654
-2400.1382343170335,-11243.902489547654,-20087.666744778275,-15072.195589905368,-11103.147734959082,-19041.243444851654
-2412.319861429707,-11237.915313386296,-20063.510765342886,-15072.195589905368,-11103.147734959082,-19041.243444851654
-2426.542808001883,-11231.953375608815,-20037.363943215747,-15072.195589905368,-11103.147734959082,-19041.243444851654
-2437.208606071579,-11226.12476237546,-20015.04091867934,-15072.195589905368,-11103.147734959082,-19041.243444851654
-2462.539853075723,-11220.30026330315,-19978.060673530577,-15072.195589905368,-11103.147734959082,-19041.243444851654
-2475.952745226383,-11214.473526397342,-19952.9943075683,-15072.195589905368,-11103.147734959082,-19041.243444851654
-2442.180086722161,-11208.686171800693,-19975.192256879225,-15072.195589905368,-11103.147734959082,-19041.243444851654
-2440.3117843957352,-11202.97856569743,-19965.645346999125,-15072.195589905368,-11103.147734959082,-19041.243444851654
-2428.3137706071484,-11197.250822478773,-19966.1878743504,-15072.195589905368,-11103.147734959082,-19041.243444851654
-2416.339760772664,-11191.30379374097,-19966.267826709278,-15072.195589905368,-11103.147734959082,-19041.243444851654
-2392.676412444722,-11185.336116592496,-19977.99582074027,-15072.195589905368,-11103.147734959082,-19041.243444851654
-2399.057004584518,-11179.406324574942,-19959.755644565368,-15072.195589905368,-11103.147734959082,-19041.243444851654
-2395.1670985898163,-11173.49247659463,-19951.817854599445,-15072.195589905368,-11103.147734959082,-19041.243444851654
-2392.169117089172,-11167.602177342724,-19943.035237596276,-15072.195589905368,-11103.147734959082,-19041.243444851654
-2378.5943052971597,-11161.710085714578,-19944.825866131996,-15072.195589905368,-11103.147734959082,-19041.243444851654
-2378.1726011252504,-11155.761511617064,-19933.350422108877,-15072.195589905368,-11103.147734959082,-19041.243444851654
-2384.7708810252625,-11149.821264874508,-19914.871648723754,-15072.195589905368,-11103.147734959082,-19041.243444851654
-2393.590238570707,-11143.92954052477,-19894.268842478836,-15072.195589905368,-11103.147734959082,-19041.243444851654
-2367.1219122078182,-11138.060689876582,-19908.999467545345,-15072.195589905368,-11103.147734959082,-19041.243444851654
-2329.216491723635,-11132.223881716893,-19935.231271710152,-15072.195589905368,-11103.147734959082,-19041.243444851654
-2332.1511209593664,-11126.501919465682,-19920.852717971997,-15072.195589905368,-11103.147734959082,-19041.243444851654
-2321.026811755377,-11120.747642016577,-19920.468472277775,-15072.195589905368,-11103.147734959082,-19041.243444851654
-2317.9791963907082,-11114.976363378666,-19911.973530366624,-15072.195589905368,-11103.147734959082,-19041.243444851654
-2297.9951979208963,-11109.19640586529,-19920.397613809684,-15072.195589905368,-11103.147734959082,-19041.243444851654
-2301.6927930677157,-11103.33866667768,-19904.984540287645,-15072.195589905368,-11103.147734959082,-19041.243444851654
-2310.682318831183,-11097.45115936435,-19884.219999897516,-15072.195589905368,-11103.147734959082,-19041.243444851654
-2280.6424366652755,-11091.661219089108,-19902.68000151294,-15072.195589905368,-11103.147734959082,-19041.243444851654
-2289.4229667484124,-11085.818456829124,-19882.213946909833,-15072.195589905368,-11103.147734959082,-19041.243444851654
-2282.055125409215,-11079.972257926365,-19877.889390443517,-15072.195589905368,-11103.147734959082,-19041.243444851654
-2295.800960865372,-11074.153731586624,-19852.50650230788,-15072.195589905368,-11103.147734959082,-19041.243444851654
-2313.7536331590545,-11068.309400315195,-19822.865167471333,-15072.195589905368,-11103.147734959082,-19041.243444851654
-2294.533939334924,-11062.32762630471,-19830.121313274496,-15072.195589905368,-11103.147734959082,-19041.243444851654
-2284.251762234795,-11056.460289918792,-19828.66881760279,-15072.195589905368,-11103.147734959082,-19041.243444851654
-2276.4501706064093,-11050.562540957284,-19824.67491130816,-15072.195589905368,-11103.147734959082,-19041.243444851654
-2283.813394364661,-11044.709926483587,-19805.606458602513,-15072.195589905368,-11103.147734959082,-19041.243444851654
-2283.631538065818,-11038.856645778149,-19794.081753490478,-15072.195589905368,-11103.147734959082,-19041.243444851654
-2286.470570885569,-11033.307934890836,-19780.145298896103,-15072.195589905368,-11103.147734959082,-19041.243444851654
-2247.2549218842923,-11027.84214893489,-19808.429375985485,-15072.195589905368,-11103.147734959082,-19041.243444851654
-2256.018634589049,-11022.345859755766,-19788.673084922484,-15072.195589905368,-11103.147734959082,-19041.243444851654
-2236.4268769797127,-11016.860565725505,-19797.294254471297,-15072.195589905368,-11103.147734959082,-19041.243444851654
-2263.2422604142466,-11011.399496802564,-19759.556733190882,-15072.195589905368,-11103.147734959082,-19041.243444851654
-2271.2801516494255,-11005.933982837094,-19740.587814024762,-15072.195589905368,-11103.147734959082,-19041.243444851654
-2290.4595840684487,-11000.207855653722,-19709.956127238995,-15072.195589905368,-11103.147734959082,-19041.243444851654
-2297.373020965997,-10994.547574718019,-19691.722128470043,-15072.195589905368,-11103.147734959082,-19041.243444851654
-2298.0964966847387,-10988.94741881946,-19679.79834095418,-15072.195589905368,-11103.147734959082,-19041.243444851654
-2287.737891391753,-10983.354369947172,-19678.97084850259,-15072.195589905368,-11103.147734959082,-19041.243444851654
-2316.1160289255695,-10977.895001221934,-19639.6739735183,-15072.195589905368,-11103.147734959082,-19041.243444851654
-2319.2264257914558,-10972.508115425775,-19625.789805060092,-15072.195589905368,-11103.147734959082,-19041.243444851654
-2314.7966775332097,-10967.101724330925,-19619.40677112864,-15072.195589905368,-11103.147734959082,-19041.243444851654
-2305.194695658496,-10961.773654854156,-19618.352614049814,-15072.195589905368,-11103.147734959082,-19041.243444851654
-2289.7886533500514,-10956.498913391495,-19623.209173432937,-15072.195589905368,-11103.147734959082,-19041.243444851654
-2271.8601367716346,-10951.29543561196,-19630.730734452285,-15072.195589905368,-11103.147734959082,-19041.243444851654
-2253.3360071111,-10946.24082724579,-19639.14564738048,-15072.195589905368,-11103.147734959082,-19041.243444851654
-2259.00390343857,-10941.163467296723,-19623.323031154876,-15072.195589905368,-11103.147734959082,-19041.243444851654
-2265.6618938602223,-10935.908849190862,-19606.155804521502,-15072.195589905368,-11103.147734959082,-19041.243444851654
-2248.1311566041823,-10930.583080913008,-19613.035005221835,-15072.195589905368,-11103.147734959082,-19041.243444851654
-2260.9302018356902,-10925.248218787814,-19589.566235739938,-15072.195589905368,-11103.147734959082,-19041.243444851654
-2256.590578806916,-10919.905261038444,-19583.21994326997,-15072.195589905368,-11103.147734959082,-19041.243444851654
-2242.3995299182006,-10914.413268334665,-19586.42700675113,-15072.195589905368,-11103.147734959082,-19041.243444851654
-2225.872567620425,-10908.971866428654,-19592.071165236885,-15072.195589905368,-11103.147734959082,-19041.243444851654
-2211.6615548890513,-10903.621579382434,-19595.581603875817,-15072.195589905368,-11103.147734959082,-19041.243444851654
-2207.987825713735,-10898.271952821486,-19588.556079929236,-15072.195589905368,-11103.147734959082,-19041.243444851654
-2225.88694721307,-10892.954895971527,-19560.02284472998,-15072.195589905368,-11103.147734959082,-19041.243444851654
-2209.3970952774835,-10887.672126334575,-19565.947157391667,-15072.195589905368,-11103.147734959082,-19041.243444851654
-2206.892536234922,-10882.255184475403,-19557.617832715885,-15072.195589905368,-11103.147734959082,-19041.243444851654
-2210.0790973262574,-10876.823318916382,-19543.567540506505,-15072.195589905368,-11103.147734959082,-19041.243444851654
-2191.5330375118374,-10871.44991279221,-19551.366788072584,-15072.195589905368,-11103.147734959082,-19041.243444851654
-2170.0344900796863,-10866.026099149929,-19562.01770822017,-15072.195589905368,-11103.147734959082,-19041.243444851654
-2190.418247042242,-10860.556516686824,-19530.694786331405,-15072.195589905368,-11103.147734959082,-19041.243444851654
-2175.529656300625,-10855.176021215035,-19534.822386129446,-15072.195589905368,-11103.147734959082,-19041.243444851654
-2164.055940713517,-10849.85706475682,-19535.658188800124,-15072.195589905368,-11103.147734959082,-19041.243444851654
-2174.2821040774343,-10844.634070652299,-19514.986037227165,-15072.195589905368,-11103.147734959082,-19041.243444851654
-2184.325547129183,-10839.516519043023,-19494.707490956862,-15072.195589905368,-11103.147734959082,-19041.243444851654
-2165.250686648067,-10834.448269935205,-19503.64585322234,-15072.195589905368,-11103.147734959082,-19041.243444851654
-2188.5723262764004,-10829.389550733922,-19470.206775191444,-15072.195589905368,-11103.147734959082,-19041.243444851654
-2205.6526012004233,-10824.32372470847,-19442.99484821652,-15072.195589905368,-11103.147734959082,-19041.243444851654
-2195.439854479928,-10819.152966772655,-19442.86607906538,-15072.195589905368,-11103.147734959082,-19041.243444851654
-2166.238739577171,-10814.033185821676,-19461.827632066183,-15072.195589905368,-11103.147734959082,-19041.243444851654
-2179.8352485357154,-10808.909648300949,-19437.98404806618,-15072.195589905368,-11103.147734959082,-19041.243444851654
-2197.7081247839487,-10803.714164882625,-19409.720204981302,-15072.195589905368,-11103.147734959082,-19041.243444851654
-2210.3132388869963,-10798.55617773529,-19386.799116583585,-15072.195589905368,-11103.147734959082,-19041.243444851654
-2221.3080345134968,-10793.385149939517,-19365.46226536554,-15072.195589905368,-11103.147734959082,-19041.243444851654
-2213.0913389627312,-10788.203525269297,-19363.315711575862,-15072.195589905368,-11103.147734959082,-19041.243444851654
-2191.428274843731,-10783.010016232505,-19374.59175762128,-15072.195589905368,-11103.147734959082,-19041.243444851654
-2195.864580297977,-10777.859398987763,-19359.854217677548,-15072.195589905368,-11103.147734959082,-19041.243444851654
-2198.164793540531,-10772.514580169867,-19346.864366799204,-15072.195589905368,-11103.147734959082,-19041.243444851654
-2204.0858033238237,-10767.190521216002,-19330.295239108178,-15072.195589905368,-11103.147734959082,-19041.243444851654
-2181.3436370338095,-10761.852742173216,-19342.361847312623,-15072.195589905368,-11103.147734959082,-19041.243444851654
-2168.514969293923,-10756.40611433094,-19344.29725936796,-15072.195589905368,-11103.147734959082,-19041.243444851654
-2170.4941676026046,-10751.06360425596,-19331.633040909313,-15072.195589905368,-11103.147734959082,-19041.243444851654
-2171.8076010381137,-10745.702779547062,-19319.59795805601,-15072.195589905368,-11103.147734959082,-19041.243444851654
-2197.4838517843327,-10740.35419362013,-19283.224535455927,-15072.195589905368,-11103.147734959082,-19041.243444851654
-2189.5309070798558,-10734.989249429707,-19280.447591779557,-15072.195589905368,-11103.147734959082,-19041.243444851654
-2181.7923243571786,-10729.600798219803,-19277.409272082426,-15072.195589905368,-11103.147734959082,-19041.243444851654
-2176.049414242996,-10724.162118069562,-19272.274821896128,-15072.195589905368,-11103.147734959082,-19041.243444851654
-2150.258069126059,-10718.715227318393,-19287.172385510727,-15072.195589905368,-11103.147734959082,-19041.243444851654
-2131.6730708853247,-10713.206665663409,-19294.740260441493,-15072.195589905368,-11103.147734959082,-19041.243444851654
-2117.7607990249453,-10707.474828746206,-19297.188858467467,-15072.195589905368,-11103.147734959082,-19041.243444851654
-2110.9280717391957,-10701.755579084485,-19292.583086429775,-15072.195589905368,-11103.147734959082,-19041.243444851654
-2076.9627383601346,-10695.967904582505,-19314.973070804874,-15072.195589905368,-11103.147734959082,-19041.243444851654
-2075.6963383249113,-10690.13887798352,-19304.581417642126,-15072.195589905368,-11103.147734959082,-19041.243444851654
-2089.1182606675193,-10684.257631547058,-19279.397002426595,-15072.195589905368,-11103.147734959082,-19041.243444851654
-2085.3657790915186,-10678.379684646361,-19271.3935902012,-15072.195589905368,-11103.147734959082,-19041.243444851654
-2087.4151071320484,-10672.482714364924,-19257.5503215978,-15072.195589905368,-11103.147734959082,-19041.243444851654
-2082.911180746658,-10666.692445166795,-19250.47370958693,-15072.195589905368,-11103.147734959082,-19041.243444851654
-2077.891651921662,-10660.864121024868,-19243.836590128074,-15072.195589905368,-11103.147734959082,-19041.243444851654
-2049.24385751137,-10655.003829723906,-19260.763801936442,-15072.195589905368,-11103.147734959082,-19041.243444851654
-2029.9631959980125,-10649.01476436015,-19268.066332722286,-15072.195589905368,-11103.147734959082,-19041.243444851654
-2021.8168720277572,-10643.03149601086,-19264.246119993964,-15072.195589905368,-11103.147734959082,-19041.243444851654
-2004.7031740636485,-10637.068839430643,-19269.43450479764,-15072.195589905368,-11103.147734959082,-19041.243444851654
-2002.0733926419307,-10631.115420705195,-19260.15744876846,-15072.195589905368,-11103.147734959082,-19041.243444851654
-1985.6523085484077,-10625.181546254396,-19264.710783960385,-15072.195589905368,-11103.147734959082,-19041.243444851654
-1961.4786599840209,-10619.176369640852,-19276.874079297682,-15072.195589905368,-11103.147734959082,-19041.243444851654
-1984.9471142079492,-10613.186807174576,-19241.426500141202,-15072.195589905368,-11103.147734959082,-19041.243444851654
-1999.4829352516408,-10607.19512511324,-19214.907314974836,-15072.195589905368,-11103.147734959082,-19041.243444851654
-2008.9614115748627,-10601.047580517547,-19193.13374946023,-15072.195589905368,-11103.147734959082,-19041.243444851654
-1992.7832283331045,-10594.939973365848,-19197.096718398592,-15072.195589905368,-11103.147734959082,-19041.243444851654
-1989.7409354760694,-10588.857489906492,-19187.974044336916,-15072.195589905368,-11103.147734959082,-19041.243444851654
-2000.3617841223386,-10582.787531489572,-19165.213278856805,-15072.195589905368,-11103.147734959082,-19041.243444851654
-1989.6997985929556,-10576.887439583032,-19164.075080573108,-15072.195589905368,-11103.147734959082,-19041.243444851654
-1990.293280094098,-10570.931699532026,-19151.570118969954,-15072.195589905368,-11103.147734959082,-19041.243444851654
-2010.5538001069472,-10564.94699401346,-19119.340187919974,-15072.195589905368,-11103.147734959082,-19041.243444851654
-1990.165688262643,-10558.999812945745,-19127.83393762885,-15072.195589905368,-11103.147734959082,-19041.243444851654
-1980.6830460547808,-10553.023425951435,-19125.363805848086,-15072.195589905368,-11103.147734959082,-19041.243444851654
-1968.741006958171,-10547.14509245412,-19125.54917795007,-15072.195589905368,-11103.147734959082,-19041.243444851654
-1957.9911704491387,-10541.229030625167,-19124.466890801195,-15072.195589905368,-11103.147734959082,-19041.243444851654
-1952.5080099016486,-10535.484935417993,-19118.461860934338,-15072.195589905368,-11103.147734959082,-19041.243444851654
-1967.2608074431919,-10529.26366340214,-19091.26651936109,-15072.195589905368,-11103.147734959082,-19041.243444851654
-1949.3631783943329,-10522.86970946472,-19096.376240535108,-15072.195589905368,-11103.147734959082,-19041.243444851654
-1931.5812622727099,-10516.444532294254,-19101.307802315798,-15072.195589905368,-11103.147734959082,-19041.243444851654
-1921.4750821194684,-10510.04638525236,-19098.617688385253,-15072.195589905368,-11103.147734959082,-19041.243444851654
-1904.5926104185728,-10503.554746618287,-19102.516882818003,-15072.195589905368,-11103.147734959082,-19041.243444851654
-1916.3923500230558,-10497.023953387457,-19077.65555675186,-15072.195589905368,-11103.147734959082,-19041.243444851654
-1908.0193391560115,-10490.52629337253,-19073.033247589046,-15072.195589905368,-11103.147734959082,-19041.243444851654
-1917.1578158081375,-10484.023006903317,-19050.888197998494,-15072.195589905368,-11103.147734959082,-19041.243444851654
-1889.9136167097076,-10477.494517097384,-19065.07541748506,-15072.195589905368,-11103.147734959082,-19041.243444851654
-1866.5817835448888,-10471.016857373925,-19075.45193120296,-15072.195589905368,-11103.147734959082,-19041.243444851654
-1842.8037094262436,-10464.809976647795,-19086.816243869347,-15072.195589905368,-11103.147734959082,-19041.243444851654
-1856.633562324445,-10458.616047419378,-19060.598532514312,-15072.195589905368,-11103.147734959082,-19041.243444851654
-1850.1513948631728,-10452.463671647818,-19054.775948432463,-15072.195589905368,-11103.147734959082,-19041.243444851654
-1834.3678653880834,-10446.327200473623,-19058.286535559164,-15072.195589905368,-11103.147734959082,-19041.243444851654
-1818.9558346450794,-10440.19119144516,-19061.42654824524,-15072.195589905368,-11103.147734959082,-19041.243444851654
-1817.6157883554897,-10434.0194372811,-19050.423086206712,-15072.195589905368,-11103.147734959082,-19041.243444851654
-1825.171376405995,-10427.869963394629,-19030.568550383265,-15072.195589905368,-11103.147734959082,-19041.243444851654
-1804.2455204722137,-10421.712850929338,-19039.180181386462,-15072.195589905368,-11103.147734959082,-19041.243444851654
-1772.1869366734427,-10415.517430202097,-19058.84792373075,-15072.195589905368,-11103.147734959082,-19041.243444851654
-1789.6567801310448,-10409.334542416043,-19029.012304701042,-15072.195589905368,-11103.147734959082,-19041.243444851654
-1792.881973749525,-10403.00196662356,-19013.121959497596,-15072.195589905368,-11103.147734959082,-19041.243444851654
-1785.466197359292,-10396.675821545121,-19007.88544573095,-15072.195589905368,-11103.147734959082,-19041.243444851654
-1769.2134755791812,-10390.404169445828,-19011.594863312475,-15072.195589905368,-11103.147734959082,-19041.243444851654
-1771.2528150243797,-10384.03046734031,-18996.80811965624,-15072.195589905368,-11103.147734959082,-19041.243444851654
-1757.7811659828712,-10377.64284008647,-18997.50451419007,-15072.195589905368,-11103.147734959082,-19041.243444851654
-1750.10629967953,-10371.21654022961,-18992.32678077969,-15072.195589905368,-11103.147734959082,-19041.243444851654
-1755.7817346732518,-10364.858061929022,-18973.934389184793,-15072.195589905368,-11103.147734959082,-19041.243444851654
-1767.712425879059,-10358.252880588425,-18948.793335297793,-15072.195589905368,-11103.147734959082,-19041.243444851654
-1750.8296803215344,-10351.596370894493,-18952.36306146745,-15072.195589905368,-11103.147734959082,-19041.243444851654
-1727.1690958581348,-10344.903275628789,-18962.637455399443,-15072.195589905368,-11103.147734959082,-19041.243444851654
-1716.3250769590522,-10338.201240637096,-18960.07740431514,-15072.195589905368,-11103.147734959082,-19041.243444851654
-1714.985075158127,-10331.39563177148,-18947.806188384835,-15072.195589905368,-11103.147734959082,-19041.243444851654
-1696.741403390888,-10324.663052926355,-18952.58470246182,-15072.195589905368,-11103.147734959082,-19041.243444851654
-1681.5850301989813,-10318.034730270776,-18954.48443034257,-15072.195589905368,-11103.147734959082,-19041.243444851654
-1676.8351953258662,-10311.280414257233,-18945.725633188602,-15072.195589905368,-11103.147734959082,-19041.243444851654
-1686.2723287918707,-10304.590298403415,-18922.90826801496,-15072.195589905368,-11103.147734959082,-19041.243444851654
-1661.400376141819,-10297.904165122094,-18934.407954102368,-15072.195589905368,-11103.147734959082,-19041.243444851654
-1644.056053617791,-10291.267662467786,-18938.47927131778,-15072.195589905368,-11103.147734959082,-19041.243444851654
-1634.6815402397715,-10284.57040876102,-18934.459277282265,-15072.195589905368,-11103.147734959082,-19041.243444851654
-1618.6899096959896,-10277.79168001995,-18936.89345034391,-15072.195589905368,-11103.147734959082,-19041.243444851654
-1594.5779152686391,-10271.02787794841,-18947.477840628184,-15072.195589905368,-11103.147734959082,-19041.243444851654
-1575.0507010896326,-10264.272498000344,-18953.494294911055,-15072.195589905368,-11103.147734959082,-19041.243444851654
-1549.1170811944212,-10257.537769289427,-18965.958457384433,-15072.195589905368,-11103.147734959082,-19041.243444851654
-1535.1331918268588,-10250.804390832413,-18966.475589837966,-15072.195589905368,-11103.147734959082,-19041.243444851654
-1531.9332776833999,-10243.98017116597,-18956.027064648537,-15072.195589905368,-11103.147734959082,-19041.243444851654
-1538.2187456587399,-10237.169413908696,-18936.120082158654,-15072.195589905368,-11103.147734959082,-19041.243444851654
-1519.496424010089,-10230.335275103267,-18941.174126196445,-15072.195589905368,-11103.147734959082,-19041.243444851654
-1494.215024127936,-10223.581525631605,-18952.948027135273,-15072.195589905368,-11103.147734959082,-19041.243444851654
-1473.9711461491752,-10216.783118032066,-18959.595089914957,-15072.195589905368,-11103.147734959082,-19041.243444851654
-1454.974905598816,-10209.933712108985,-18964.892518619155,-15072.195589905368,-11103.147734959082,-19041.243444851654
-1436.4933803092517,-10203.145985591718,-18969.798590874183,-15072.195589905368,-11103.147734959082,-19041.243444851654
-1431.9781688372514,-10196.287975317066,-18960.59778179688,-15072.195589905368,-11103.147734959082,-19041.243444851654
-1420.802928106612,-10189.41678237327,-18958.030636639927,-15072.195589905368,-11103.147734959082,-19041.243444851654
-1414.1061786977698,-10182.718581953626,-18951.330985209483,-15072.195589905368,-11103.147734959082,-19041.243444851654
-1393.3923318198213,-10175.981715968928,-18958.571100118035,-15072.195589905368,-11103.147734959082,-19041.243444851654
-1411.7028912835194,-10169.184285393547,-18926.665679503574,-15072.195589905368,-11103.147734959082,-19041.243444851654
-1403.276529650224,-10162.511805600077,-18921.747081549933,-15072.195589905368,-11103.147734959082,-19041.243444851654
-1413.3136297776,-10155.761330074294,-18898.20903037099,-15072.195589905368,-11103.147734959082,-19041.243444851654
-1384.7660009416886,-10148.989126562672,-18913.212252183657,-15072.195589905368,-11103.147734959082,-19041.243444851654
-1361.4494514779726,-10142.216891299566,-18922.98433112116,-15072.195589905368,-11103.147734959082,-19041.243444851654
-1357.0258593035815,-10135.449519339516,-18913.87317937545,-15072.195589905368,-11103.147734959082,-19041.243444851654
-1353.843266513497,-10128.686248106409,-18903.52922969932,-15072.195589905368,-11103.147734959082,-19041.243444851654
-1355.92849413148,-10121.841784617227,-18887.755075102974,-15072.195589905368,-11103.147734959082,-19041.243444851654
-1370.075028650619,-10115.00939453404,-18859.94376041746,-15072.195589905368,-11103.147734959082,-19041.243444851654
-1388.5362065962254,-10108.256944620334,-18827.977682644443,-15072.195589905368,-11103.147734959082,-19041.243444851654
-1378.8278550140658,-10101.669276523862,-18824.510698033657,-15072.195589905368,-11103.147734959082,-19041.243444851654
-1364.0562248109327,-10095.01160321639,-18825.966981621845,-15072.195589905368,-11103.147734959082,-19041.243444851654
-1386.1971624328817,-10088.375393466036,-18790.55362449919,-15072.195589905368,-11103.147734959082,-19041.243444851654
-1364.307285006027,-10081.677657431073,-18799.04802985612,-15072.195589905368,-11103.147734959082,-19041.243444851654
-1358.7254430844423,-10075.051217073391,-18791.376991062338,-15072.195589905368,-11103.147734959082,-19041.243444851654
-1354.891345965074,-10068.384055624421,-18781.87676528377,-15072.195589905368,-11103.147734959082,-19041.243444851654
-1352.7855576218462,-10061.752339035791,-18770.719120449736,-15072.195589905368,-11103.147734959082,-19041.243444851654
-1354.534511451231,-10055.225655711345,-18755.91679997146,-15072.195589905368,-11103.147734959082,-19041.243444851654
-1359.2265925533702,-10048.767605788746,-18738.308619024123,-15072.195589905368,-11103.147734959082,-19041.243444851654
-1373.4895157340088,-10042.311374969668,-18711.13323420533,-15072.195589905368,-11103.147734959082,-19041.243444851654
-1359.0657486576565,-10035.973649166246,-18712.881549674836,-15072.195589905368,-11103.147734959082,-19041.243444851654
-1363.6276328026597,-10029.618513620797,-18695.609394438936,-15072.195589905368,-11103.147734959082,-19041.243444851654
-1364.2026657163206,-10023.211575029285,-18682.22048434225,-15072.195589905368,-11103.147734959082,-19041.243444851654
-1350.6713028154682,-10016.826516550762,-18682.981730286054,-15072.195589905368,-11103.147734959082,-19041.243444851654
-1361.71164220414,-10010.466326331061,-18659.221010457983,-15072.195589905368,-11103.147734959082,-19041.243444851654
-1347.9521068165432,-10004.159766053675,-18660.36742529081,-15072.195589905368,-11103.147734959082,-19041.243444851654
-1337.7975285758985,-9997.879793898728,-18657.962059221558,-15072.195589905368,-11103.147734959082,-19041.243444851654
-1312.925998501305,-9991.56929270724,-18670.212586913174,-15072.195589905368,-11103.147734959082,-19041.243444851654
-1301.23884920807,-9985.290795461224,-18669.342741714376,-15072.195589905368,-11103.147734959082,-19041.243444851654
-1305.6209330324145,-9978.941186109443,-18652.26143918647,-15072.195589905368,-11103.147734959082,-19041.243444851654
-1294.8253898766616,-9972.56975229413,-18650.314114711597,-15072.195589905368,-11103.147734959082,-19041.243444851654
-1272.7600537058333,-9966.217539729465,-18659.675025753095,-15072.195589905368,-11103.147734959082,-19041.243444851654
-1278.2021439095297,-9959.871386789171,-18641.540629668812,-15072.195589905368,-11103.147734959082,-19041.243444851654
-1275.8759781525805,-9953.674053004928,-18631.472127857276,-15072.195589905368,-11103.147734959082,-19041.243444851654
-1269.2099053021539,-9947.522676673796,-18625.835448045436,-15072.195589905368,-11103.147734959082,-19041.243444851654
-1280.9279647814656,-9941.327912257877,-18601.72785973429,-15072.195589905368,-11103.147734959082,-19041.243444851654
-1285.5350597864526,-9935.173975773738,-18584.812891761023,-15072.195589905368,-11103.147734959082,-19041.243444851654
-1279.4574778793922,-9928.984731611317,-18578.51198534324,-15072.195589905368,-11103.147734959082,-19041.243444851654
-1244.951786089423,-9922.875887967042,-18600.79998984466,-15072.195589905368,-11103.147734959082,-19041.243444851654
-1231.6258183686878,-9916.695586551548,-18601.76535473441,-15072.195589905368,-11103.147734959082,-19041.243444851654
-1205.5072946340606,-9910.955706873277,-18616.404119112492,-15072.195589905368,-11103.147734959082,-19041.243444851654
-1203.0191930766832,-9905.347611743198,-18607.67603040971,-15072.195589905368,-11103.147734959082,-19041.243444851654
-1209.9722807012658,-9899.763252733539,-18589.554224765812,-15072.195589905368,-11103.147734959082,-19041.243444851654
-1207.1554951582384,-9894.15886491616,-18581.162234674084,-15072.195589905368,-11103.147734959082,-19041.243444851654
-1216.4805467359529,-9888.597536621612,-18560.71452650727,-15072.195589905368,-11103.147734959082,-19041.243444851654
-1197.0997751766154,-9883.079725692707,-18569.0596762088,-15072.195589905368,-11103.147734959082,-19041.243444851654
-1181.4648778801056,-9877.32114142926,-18573.177404978414,-15072.195589905368,-11103.147734959082,-19041.243444851654
-1151.6603212742302,-9871.606151342747,-18591.551981411263,-15072.195589905368,-11103.147734959082,-19041.243444851654
-1133.2807088572536,-9865.921975139805,-18598.56324142236,-15072.195589905368,-11103.147734959082,-19041.243444851654
-1141.923839282501,-9860.222581831269,-18578.52132438004,-15072.195589905368,-11103.147734959082,-19041.243444851654
-1148.3271216482826,-9854.474755760486,-18560.62238987269,-15072.195589905368,-11103.147734959082,-19041.243444851654
-1118.5512140638693,-9848.71988070678,-18578.888547349692,-15072.195589905368,-11103.147734959082,-19041.243444851654
-1119.6519625014698,-9842.929166502649,-18566.206370503827,-15072.195589905368,-11103.147734959082,-19041.243444851654
-1090.2125167191753,-9837.093038488894,-18583.973560258615,-15072.195589905368,-11103.147734959082,-19041.243444851654
-1083.3071425758972,-9831.282901531504,-18579.25866048711,-15072.195589905368,-11103.147734959082,-19041.243444851654
-1092.9397862880069,-9825.504752566841,-18558.069718845676,-15072.195589905368,-11103.147734959082,-19041.243444851654
-1073.986405759486,-9819.831528674495,-18565.676651589503,-15072.195589905368,-11103.147734959082,-19041.243444851654
-1088.0407648915207,-9814.141273289653,-18540.241781687786,-15072.195589905368,-11103.147734959082,-19041.243444851654
-1108.5677298558603,-9808.501025778505,-18508.43432170115,-15072.195589905368,-11103.147734959082,-19041.243444851654
-1092.88910564664,-9802.854924981071,-18512.820744315504,-15072.195589905368,-11103.147734959082,-19041.243444851654
-1090.5087816236828,-9797.364752115749,-18504.220722607817,-15072.195589905368,-11103.147734959082,-19041.243444851654
-1077.1314739101017,-9791.872795939647,-18506.61411796919,-15072.195589905368,-11103.147734959082,-19041.243444851654
-1076.7502081585098,-9786.482081534712,-18496.213954910912,-15072.195589905368,-11103.147734959082,-19041.243444851654
-1063.9111569889428,-9781.232417992922,-18498.5536789969,-15072.195589905368,-11103.147734959082,-19041.243444851654
-1055.7728305241053,-9776.009379674826,-18496.24592882555,-15072.195589905368,-11103.147734959082,-19041.243444851654
-1055.7529185607164,-9770.782590988305,-18485.812263415894,-15072.195589905368,-11103.147734959082,-19041.243444851654
-1059.5132246361281,-9765.631117034616,-18471.749009433104,-15072.195589905368,-11103.147734959082,-19041.243444851654
-1034.6974810030424,-9760.728059538864,-18486.758638074687,-15072.195589905368,-11103.147734959082,-19041.243444851654
-1036.8186649407799,-9755.861459709982,-18474.904254479185,-15072.195589905368,-11103.147734959082,-19041.243444851654
-1051.819269043206,-9750.972354334495,-18450.125439625786,-15072.195589905368,-11103.147734959082,-19041.243444851654
-1038.1884804827205,-9746.08684237069,-18453.98520425866,-15072.195589905368,-11103.147734959082,-19041.243444851654
-1042.6311467990436,-9741.147787941663,-18439.66442908428,-15072.195589905368,-11103.147734959082,-19041.243444851654
-1049.9765937449629,-9736.230414018804,-18422.484234292646,-15072.195589905368,-11103.147734959082,-19041.243444851654
-1053.7466589276846,-9731.208874495442,-18408.6710900632,-15072.195589905368,-11103.147734959082,-19041.243444851654
-1037.813199530492,-9726.32142417341,-18414.829648816325,-15072.195589905368,-11103.147734959082,-19041.243444851654
-1040.8444380842539,-9721.28071918265,-18401.717000281045,-15072.195589905368,-11103.147734959082,-19041.243444851654
-1039.013975780499,-9716.211119246085,-18393.408262711673,-15072.195589905368,-11103.147734959082,-19041.243444851654
-1055.1698221386705,-9711.136423828422,-18367.103025518176,-15072.195589905368,-11103.147734959082,-19041.243444851654
-1059.255027061381,-9706.058991702463,-18352.862956343546,-15072.195589905368,-11103.147734959082,-19041.243444851654
-1068.9280311270559,-9700.998477522699,-18333.06892391834,-15072.195589905368,-11103.147734959082,-19041.243444851654
-1049.6605746821078,-9695.85119196556,-18342.04180924901,-15072.195589905368,-11103.147734959082,-19041.243444851654
-1061.962667369684,-9690.750143949417,-18319.53762052915,-15072.195589905368,-11103.147734959082,-19041.243444851654
-1079.424026995377,-9685.686132424209,-18291.94823785304,-15072.195589905368,-11103.147734959082,-19041.243444851654
-1077.246729505432,-9680.6375553409,-18284.028381176366,-15072.195589905368,-11103.147734959082,-19041.243444851654
-1080.2585458884096,-9675.79164742443,-18271.32474896045,-15072.195589905368,-11103.147734959082,-19041.243444851654
-1083.1927710882028,-9671.005953228614,-18258.819135369027,-15072.195589905368,-11103.147734959082,-19041.243444851654
-1090.0427245169558,-9666.12153888983,-18242.200353262706,-15072.195589905368,-11103.147734959082,-19041.243444851654
-1095.482306851096,-9661.243210265591,-18227.004113680086,-15072.195589905368,-11103.147734959082,-19041.243444851654
-1091.5343274714978,-9656.411796932727,-18221.289266393956,-15072.195589905368,-11103.147734959082,-19041.243444851654
-1090.4278380511187,-9651.575247168033,-18212.722656284946,-15072.195589905368,-11103.147734959082,-19041.243444851654
-1096.2533737879967,-9646.691903110122,-18197.13043243225,-15072.195589905368,-11103.147734959082,-19041.243444851654
-1105.9884941062373,-9641.900420642332,-18177.812347178427,-15072.195589905368,-11103.147734959082,-19041.243444851654
-1095.126775189905,-9637.146477888056,-18179.16618058621,-15072.195589905368,-11103.147734959082,-19041.243444851654
-1072.7808794809025,-9632.428216999344,-18192.075554517785,-15072.195589905368,-11103.147734959082,-19041.243444851654
-1080.3146213996624,-9627.61075725623,-18174.9068931128,-15072.195589905368,-11103.147734959082,-19041.243444851654
-1049.485914869534,-9622.842635159577,-18196.199355449622,-15072.195589905368,-11103.147734959082,-19041.243444851654
-1048.644899787785,-9618.028833776001,-18187.412767764217,-15072.195589905368,-11103.147734959082,-19041.243444851654
-1033.434742229434,-9613.263570995225,-18193.092399761015,-15072.195589905368,-11103.147734959082,-19041.243444851654
-1047.6981980080618,-9608.48173188059,-18169.26526575312,-15072.195589905368,-11103.147734959082,-19041.243444851654
-1045.705724817486,-9603.737720124642,-18161.769715431798,-15072.195589905368,-11103.147734959082,-19041.243444851654
-1020.515421901946,-9599.019196561201,-18177.522971220456,-15072.195589905368,-11103.147734959082,-19041.243444851654
-993.1081476391482,-9594.254818425836,-18195.401489212523,-15072.195589905368,-11103.147734959082,-19041.243444851654
-1010.9051468932121,-9589.619048732508,-18168.332950571803,-15072.195589905368,-11103.147734959082,-19041.243444851654
-977.8578808698439,-9584.952752614912,-18192.04762435998,-15072.195589905368,-11103.147734959082,-19041.243444851654
-955.0672121669286,-9580.287371142816,-18205.507530118703,-15072.195589905368,-11103.147734959082,-19041.243444851654
-963.4835257834857,-9575.662971576883,-18187.84241737028,-15072.195589905368,-11103.147734959082,-19041.243444851654
-966.154301736673,-9571.03299641712,-18175.911691097564,-15072.195589905368,-11103.147734959082,-19041.243444851654
-960.3714228325425,-9566.456389280316,-18172.54135572809,-15072.195589905368,-11103.147734959082,-19041.243444851654
-945.0126288976007,-9561.960983242407,-18178.90933758721,-15072.195589905368,-11103.147734959082,-19041.243444851654
-941.2229593852808,-9557.52856094281,-18173.834162500338,-15072.195589905368,-11103.147734959082,-19041.243444851654
-914.9658464597469,-9553.030739293876,-18191.095632128003,-15072.195589905368,-11103.147734959082,-19041.243444851654
-909.8464295698413,-9548.518797458095,-18187.191165346347,-15072.195589905368,-11103.147734959082,-19041.243444851654
-912.36107433488,-9543.9939423876,-18175.62681044032,-15072.195589905368,-11103.147734959082,-19041.243444851654
-892.368825129688,-9539.474503008878,-18186.580180888068,-15072.195589905368,-11103.147734959082,-19041.243444851654
-871.918078773444,-9534.902670487736,-18197.887262202028,-15072.195589905368,-11103.147734959082,-19041.243444851654
-884.192658793796,-9530.384744416147,-18176.5768300385,-15072.195589905368,-11103.147734959082,-19041.243444851654
-840.6470848995632,-9525.686514771689,-18210.725944643815,-15072.195589905368,-11103.147734959082,-19041.243444851654
-848.5048194982046,-9521.054247401242,-18193.60367530428,-15072.195589905368,-11103.147734959082,-19041.243444851654
-863.9968979257774,-9516.389244864687,-18168.7815918036,-15072.195589905368,-11103.147734959082,-19041.243444851654
-855.1669595924868,-9511.740620552322,-18168.314281512157,-15072.195589905368,-11103.147734959082,-19041.243444851654
-873.110217639718,-9507.059017031603,-18141.007816423487,-15072.195589905368,-11103.147734959082,-19041.243444851654
-866.6196627784338,-9502.340257089743,-18138.060851401053,-15072.195589905368,-11103.147734959082,-19041.243444851654
-861.1953839006128,-9497.554590542135,-18133.913797183657,-15072.195589905368,-11103.147734959082,-19041.243444851654
-874.3969318063082,-9492.864215144811,-18111.331498483312,-15072.195589905368,-11103.147734959082,-19041.243444851654
-883.5721821326642,-9488.17877892067,-18092.785375708678,-15072.195589905368,-11103.147734959082,-19041.243444851654
-889.499675401381,-9483.459557621083,-18077.419439840785,-15072.195589905368,-11103.147734959082,-19041.243444851654
-906.5092997894972,-9478.749868051584,-18050.99043631367,-15072.195589905368,-11103.147734959082,-19041.243444851654
-879.7577574240822,-9473.98577466103,-18068.21379189798,-15072.195589905368,-11103.147734959082,-19041.243444851654
-878.5021918430539,-9469.158966934874,-18059.815742026694,-15072.195589905368,-11103.147734959082,-19041.243444851654
-874.2836036807184,-9464.310164084323,-18054.336724487926,-15072.195589905368,-11103.147734959082,-19041.243444851654
-846.9676696068891,-9459.47218205066,-18071.97669449443,-15072.195589905368,-11103.147734959082,-19041.243444851654
-849.8449422127087,-9454.52177285934,-18059.19860350597,-15072.195589905368,-11103.147734959082,-19041.243444851654
-848.9228302550728,-9449.542889057217,-18050.16294785936,-15072.195589905368,-11103.147734959082,-19041.243444851654
-865.985565915682,-9444.549925721767,-18023.114285527852,-15072.195589905368,-11103.147734959082,-19041.243444851654
-864.5918084901423,-9439.565582390966,-18014.53935629179,-15072.195589905368,-11103.147734959082,-19041.243444851654
-871.1282662237973,-9434.573438547392,-17998.018610870986,-15072.195589905368,-11103.147734959082,-19041.243444851654
-849.0699844576629,-9429.653297146264,-18010.236609834865,-15072.195589905368,-11103.147734959082,-19041.243444851654
-824.9484060696286,-9424.730272695675,-18024.51213932172,-15072.195589905368,-11103.147734959082,-19041.243444851654
-835.1771270097997,-9419.801542774358,-18004.425958538915,-15072.195589905368,-11103.147734959082,-19041.243444851654
-799.2433698313962,-9414.91379534505,-18030.584220858706,-15072.195589905368,-11103.147734959082,-19041.243444851654
-801.5874690418495,-9409.9334689067,-18018.27946877155,-15072.195589905368,-11103.147734959082,-19041.243444851654
-790.1071936538792,-9405.029066228364,-18019.95093880285,-15072.195589905368,-11103.147734959082,-19041.243444851654
-813.2012454351989,-9400.106692714997,-17987.012139994797,-15072.195589905368,-11103.147734959082,-19041.243444851654
-821.8103716804962,-9395.119947722995,-17968.429523765495,-15072.195589905368,-11103.147734959082,-19041.243444851654
-796.938611535079,-9390.07743554862,-17983.21625956216,-15072.195589905368,-11103.147734959082,-19041.243444851654
-786.4415822068459,-9385.081322569087,-17983.721062931327,-15072.195589905368,-11103.147734959082,-19041.243444851654
-793.39127874107,-9380.074470675441,-17966.757662609813,-15072.195589905368,-11103.147734959082,-19041.243444851654
-764.5475648024658,-9375.025720971833,-17985.5038771412,-15072.195589905368,-11103.147734959082,-19041.243444851654
-785.2429912894731,-9369.938089884094,-17954.633188478714,-15072.195589905368,-11103.147734959082,-19041.243444851654
-777.7194784376861,-9364.860612015054,-17952.001745592424,-15072.195589905368,-11103.147734959082,-19041.243444851654
-774.8998940491456,-9359.772237279716,-17944.644580510285,-15072.195589905368,-11103.147734959082,-19041.243444851654
-772.4841639628248,-9354.754841979311,-17937.025519995797,-15072.195589905368,-11103.147734959082,-19041.243444851654
-768.9731847086914,-9349.7446329295,-17930.51608115031,-15072.195589905368,-11103.147734959082,-19041.243444851654
-761.1261257200567,-9344.707143522377,-17928.288161324697,-15072.195589905368,-11103.147734959082,-19041.243444851654
-762.6676798547887,-9339.603289277036,-17916.538898699284,-15072.195589905368,-11103.147734959082,-19041.243444851654
-757.5318855455262,-9334.283126538086,-17911.034367530647,-15072.195589905368,-11103.147734959082,-19041.243444851654
-768.70060745917,-9328.973869196008,-17889.247130932847,-15072.195589905368,-11103.147734959082,-19041.243444851654
-763.0712316214249,-9323.672601596609,-17884.27397157179,-15072.195589905368,-11103.147734959082,-19041.243444851654
-759.4571445162455,-9318.317439052678,-17877.17773358911,-15072.195589905368,-11103.147734959082,-19041.243444851654
-748.0786701564557,-9312.925528419391,-17877.77238668233,-15072.195589905368,-11103.147734959082,-19041.243444851654
-722.714549129978,-9307.590930861768,-17892.46731259356,-15072.195589905368,-11103.147734959082,-19041.243444851654
-699.3577414082574,-9302.232994058282,-17905.108246708307,-15072.195589905368,-11103.147734959082,-19041.243444851654
-699.7807451853078,-9296.861142326334,-17893.94153946736,-15072.195589905368,-11103.147734959082,-19041.243444851654
-680.1158752885767,-9291.445183182437,-17902.7744910763,-15072.195589905368,-11103.147734959082,-19041.243444851654
-664.996105575734,-9285.976748183153,-17906.957390790572,-15072.195589905368,-11103.147734959082,-19041.243444851654
-648.2564701139272,-9280.476011101311,-17912.695552088695,-15072.195589905368,-11103.147734959082,-19041.243444851654
-620.0561139422734,-9274.94916788386,-17929.84222182545,-15072.195589905368,-11103.147734959082,-19041.243444851654
-595.615851480361,-9269.46206074056,-17943.308270000758,-15072.195589905368,-11103.147734959082,-19041.243444851654
-587.9509275297405,-9264.070024608196,-17940.18912168665,-15072.195589905368,-11103.147734959082,-19041.243444851654
-600.2760806445804,-9258.627855878234,-17916.979631111888,-15072.195589905368,-11103.147734959082,-19041.243444851654
-586.0893406046944,-9253.314105246494,-17920.538869888296,-15072.195589905368,-11103.147734959082,-19041.243444851654
-579.7826753538393,-9248.034177149944,-17916.28567894605,-15072.195589905368,-11103.147734959082,-19041.243444851654
-568.1978291694795,-9242.750566761359,-17917.303304353238,-15072.195589905368,-11103.147734959082,-19041.243444851654
-564.8922446101169,-9237.557950515898,-17910.22365642168,-15072.195589905368,-11103.147734959082,-19041.243444851654
-543.55412763397,-9232.408181632576,-17921.262235631184,-15072.195589905368,-11103.147734959082,-19041.243444851654
-561.0555221123032,-9227.276405088258,-17893.497288064213,-15072.195589905368,-11103.147734959082,-19041.243444851654
-560.7119164717224,-9222.121958627451,-17883.53200078318,-15072.195589905368,-11103.147734959082,-19041.243444851654
-533.2523910582895,-9216.919832912361,-17900.587274766433,-15072.195589905368,-11103.147734959082,-19041.243444851654
-513.5312426586734,-9211.705679545961,-17909.880116433247,-15072.195589905368,-11103.147734959082,-19041.243444851654
-505.01192368576267,-9206.487742376912,-17907.963561068063,-15072.195589905368,-11103.147734959082,-19041.243444851654
-492.27159781720366,-9201.184996081434,-17910.098394345667,-15072.195589905368,-11103.147734959082,-19041.243444851654
-469.82880450889934,-9195.90840017854,-17921.98799584818,-15072.195589905368,-11103.147734959082,-19041.243444851654
-441.6619283915752,-9190.654575448774,-17939.647222505973,-15072.195589905368,-11103.147734959082,-19041.243444851654
-438.63311557477937,-9185.302471096666,-17931.971826618552,-15072.195589905368,-11103.147734959082,-19041.243444851654
-434.34443436197944,-9179.969811945311,-17925.59518952864,-15072.195589905368,-11103.147734959082,-19041.243444851654
-444.475817709339,-9174.64850228479,-17904.82118686024,-15072.195589905368,-11103.147734959082,-19041.243444851654
-427.43015793776794,-9169.16285674643,-17910.895555555093,-15072.195589905368,-11103.147734959082,-19041.243444851654
-435.6556438658645,-9163.684436859703,-17891.713229853543,-15072.195589905368,-11103.147734959082,-19041.243444851654
-439.1394195788198,-9157.992975488258,-17876.846531397696,-15072.195589905368,-11103.147734959082,-19041.243444851654
-432.4133761175108,-9152.455908674336,-17872.49844123116,-15072.195589905368,-11103.147734959082,-19041.243444851654
-443.1362750990211,-9146.80709451167,-17850.47791392432,-15072.195589905368,-11103.147734959082,-19041.243444851654
-444.39225189216086,-9141.184827058032,-17837.977402223903,-15072.195589905368,-11103.147734959082,-19041.243444851654
-436.55049381047684,-9135.585348385073,-17834.620202959668,-15072.195589905368,-11103.147734959082,-19041.243444851654
-435.0669610139448,-9130.043521823289,-17825.020082632633,-15072.195589905368,-11103.147734959082,-19041.243444851654
-440.58212012857257,-9124.403290771936,-17808.2244614153,-15072.195589905368,-11103.147734959082,-19041.243444851654
-451.16386463597155,-9118.734756224001,-17786.30564781203,-15072.195589905368,-11103.147734959082,-19041.243444851654
-446.14356514008614,-9113.128376236984,-17780.11318733388,-15072.195589905368,-11103.147734959082,-19041.243444851654
-423.2084318998768,-9107.498922764713,-17791.78941362955,-15072.195589905368,-11103.147734959082,-19041.243444851654
-432.5396650915736,-9101.910147898283,-17771.28063070499,-15072.195589905368,-11103.147734959082,-19041.243444851654
-427.7687212728415,-9096.265548383744,-17764.762375494647,-15072.195589905368,-11103.147734959082,-19041.243444851654
-402.7942803598944,-9090.623651386963,-17778.453022414033,-15072.195589905368,-11103.147734959082,-19041.243444851654
-392.3513947224528,-9085.034078435718,-17777.716762148983,-15072.195589905368,-11103.147734959082,-19041.243444851654
-387.3922450989485,-9079.363444203009,-17771.33464330707,-15072.195589905368,-11103.147734959082,-19041.243444851654
-407.1520460160318,-9073.608683262972,-17740.06532050991,-15072.195589905368,-11103.147734959082,-19041.243444851654
-391.95391211718015,-9067.678995007453,-17743.404077897725,-15072.195589905368,-11103.147734959082,-19041.243444851654
-392.04219070811996,-9061.806893916933,-17731.571597125745,-15072.195589905368,-11103.147734959082,-19041.243444851654
-378.57201709084075,-9055.66633944475,-17732.76066179866,-15072.195589905368,-11103.147734959082,-19041.243444851654
-363.7865074910587,-9049.343924087862,-17734.901340684664,-15072.195589905368,-11103.147734959082,-19041.243444851654
-384.58563686160596,-9042.897063992636,-17701.208491123667,-15072.195589905368,-11103.147734959082,-19041.243444851654
-392.6729315909852,-9036.500669611418,-17680.328407631852,-15072.195589905368,-11103.147734959082,-19041.243444851654
-387.32581910018416,-9030.124339912241,-17672.9228607243,-15072.195589905368,-11103.147734959082,-19041.243444851654
-397.73250455901143,-9023.820389812094,-17649.908275065176,-15072.195589905368,-11103.147734959082,-19041.243444851654
-375.7411646805722,-9017.508339509031,-17659.27551433749,-15072.195589905368,-11103.147734959082,-19041.243444851654
-349.86528363065736,-9011.077552595925,-17672.289821561193,-15072.195589905368,-11103.147734959082,-19041.243444851654
-336.8467035249232,-9004.58479129756,-17672.322879070198,-15072.195589905368,-11103.147734959082,-19041.243444851654
-323.54892308727176,-8998.139055477162,-17672.72918786705,-15072.195589905368,-11103.147734959082,-19041.243444851654
-310.99579741778143,-8991.745656740166,-17672.49551606255,-15072.195589905368,-11103.147734959082,-19041.243444851654
-334.84338540154204,-8985.426246657336,-17636.00910791313,-15072.195589905368,-11103.147734959082,-19041.243444851654
-318.9795271474577,-8979.085892228353,-17639.19225730925,-15072.195589905368,-11103.147734959082,-19041.243444851654
-295.66938142447907,-8972.835531128887,-17650.001680833295,-15072.195589905368,-11103.147734959082,-19041.243444851654
-285.59448232092836,-8966.616403684866,-17647.638325048803,-15072.195589905368,-11103.147734959082,-19041.243444851654
-283.0963672917551,-8960.380472990275,-17637.664578688797,-15072.195589905368,-11103.147734959082,-19041.243444851654
-269.31760196147843,-8954.068806715042,-17638.820011468604,-15072.195589905368,-11103.147734959082,-19041.243444851654
-270.16679220934384,-8947.771847791291,-17625.37690337324,-15072.195589905368,-11103.147734959082,-19041.243444851654
-248.54936887670374,-8941.31908987485,-17634.088810873,-15072.195589905368,-11103.147734959082,-19041.243444851654
-233.17475589509013,-8934.928859615648,-17636.682963336207,-15072.195589905368,-11103.147734959082,-19041.243444851654
-201.59224848721533,-8928.579485891458,-17655.5667232957,-15072.195589905368,-11103.147734959082,-19041.243444851654
-188.69982376252665,-8922.261938480357,-17655.824053198186,-15072.195589905368,-11103.147734959082,-19041.243444851654
-173.2011769972487,-8915.697278225874,-17658.1933794545,-15072.195589905368,-11103.147734959082,-19041.243444851654
-163.68278756959808,-8909.090107712505,-17654.497427855415,-15072.195589905368,-11103.147734959082,-19041.243444851654
-139.56461211001806,-8902.489631685365,-17665.41465126071,-15072.195589905368,-11103.147734959082,-19041.243444851654
-151.08379693344796,-8895.839874908112,-17640.595952882773,-15072.195589905368,-11103.147734959082,-19041.243444851654
-161.8150905478651,-8889.2178151745,-17616.620539801133,-15072.195589905368,-11103.147734959082,-19041.243444851654
-148.50137570057996,-8882.556065403927,-17616.610755107275,-15072.195589905368,-11103.147734959082,-19041.243444851654
-163.90922470747864,-8875.827583632776,-17587.745942558075,-15072.195589905368,-11103.147734959082,-19041.243444851654
-161.5403381570195,-8869.15358499465,-17576.766831832283,-15072.195589905368,-11103.147734959082,-19041.243444851654
-168.67580624303082,-8862.595087999529,-17556.514369756027,-15072.195589905368,-11103.147734959082,-19041.243444851654
-152.07271490810126,-8855.902069775062,-17559.73142464202,-15072.195589905368,-11103.147734959082,-19041.243444851654
-164.3772904166417,-8849.248600297933,-17534.119910179223,-15072.195589905368,-11103.147734959082,-19041.243444851654
-180.3556731981771,-8842.65828556194,-17504.960897925703,-15072.195589905368,-11103.147734959082,-19041.243444851654
-183.2565099068106,-8835.96205117261,-17488.66759243841,-15072.195589905368,-11103.147734959082,-19041.243444851654
-185.0801104057955,-8829.167540192551,-17473.25496997931,-15072.195589905368,-11103.147734959082,-19041.243444851654
-199.34941829948002,-8822.16806627518,-17444.98671425088,-15072.195589905368,-11103.147734959082,-19041.243444851654
-191.11020427426593,-8815.279474179959,-17439.448744085654,-15072.195589905368,-11103.147734959082,-19041.243444851654
-159.1404834662626,-8808.34334086497,-17457.546198263677,-15072.195589905368,-11103.147734959082,-19041.243444851654
-140.46130671707033,-8801.359509175967,-17462.257711634862,-15072.195589905368,-11103.147734959082,-19041.243444851654
-137.29814600360623,-8794.38508722838,-17451.472028453154,-15072.195589905368,-11103.147734959082,-19041.243444851654
-118.7096253588752,-8787.323360404765,-17455.937095450656,-15072.195589905368,-11103.147734959082,-19041.243444851654
-87.36255993535269,-8780.154973979785,-17472.947388024215,-15072.195589905368,-11103.147734959082,-19041.243444851654
-72.5290493040684,-8773.07925584361,-17473.62946238315,-15072.195589905368,-11103.147734959082,-19041.243444851654
-57.51358040168634,-8766.220507346557,-17474.92743429143,-15072.195589905368,-11103.147734959082,-19041.243444851654
-21.73149142292641,-8759.354231294128,-17496.976971165328,-15072.195589905368,-11103.147734959082,-19041.243444851654
-15.87961375321538,-8752.51682385857,-17489.154033963925,-15072.195589905368,-11103.147734959082,-19041.243444851654
-7.983131970539034,-8745.74317815713,-17483.503224343724,-15072.195589905368,-11103.147734959082,-19041.243444851654
-18.242192447496564,-8738.859283476228,-17459.476374504957,-15072.195589905368,-11103.147734959082,-19041.243444851654
-16.10708366493418,-8731.959177486511,-17447.811271308088,-15072.195589905368,-11103.147734959082,-19041.243444851654
-15.071463736057922,-8724.877902256248,-17434.68434077644,-15072.195589905368,-11103.147734959082,-19041.243444851654
-11.617890175974026,-8717.775534322005,-17423.933178468036,-15072.195589905368,-11103.147734959082,-19041.243444851654
-29.629600455571563,-8710.715542162883,-17391.801483870193,-15072.195589905368,-11103.147734959082,-19041.243444851654
-16.681928309886644,-8703.676128132838,-17390.67032795579,-15072.195589905368,-11103.147734959082,-19041.243444851654
-11.412670236706617,-8696.478677205443,-17381.54468417418,-15072.195589905368,-11103.147734959082,-19041.243444851654
-5.488964856302118,-8689.086031302702,-17372.683097749104,-15072.195589905368,-11103.147734959082,-19041.243444851654
-0.3678004590656201,-8681.667558932113,-17362.96731740516,-15072.195589905368,-11103.147734959082,-19041.243444851654
17.367185631726898,-8674.205558625266,-17365.77830288226,-15072.195589905368,-11103.147734959082,-19041.243444851654
39.27084893563733,-8666.65192455144,-17372.574698038516,-15072.195589905368,-11103.147734959082,-19041.243444851654
57.011083496330684,-8659.061298292963,-17375.133680082257,-15072.195589905368,-11103.147734959082,-19041.243444851654
41.954683976735396,-8651.420488151916,-17344.795660280568,-15072.195589905368,-11103.147734959082,-19041.243444851654
59.62383154068084,-8643.597972874717,-17346.819777290115,-15072.195589905368,-11103.147734959082,-19041.243444851654
61.363562168333374,-8635.779586387463,-17332.922734943262,-15072.195589905368,-11103.147734959082,-19041.243444851654
57.03494793460413,-8627.977716033876,-17312.990380002357,-15072.195589905368,-11103.147734959082,-19041.243444851654
77.35954183879403,-8620.17440888663,-17317.708359612057,-15072.195589905368,-11103.147734959082,-19041.243444851654
86.77378061160016,-8612.385419923521,-17311.54462045864,-15072.195589905368,-11103.147734959082,-19041.243444851654
70.75684735130199,-8604.537433601452,-17279.831714554206,-15072.195589905368,-11103.147734959082,-19041.243444851654
68.23762434172386,-8596.545782572242,-17261.32918948621,-15072.195589905368,-11103.147734959082,-19041.243444851654
92.51941105190781,-8588.549127273234,-17269.617665598376,-15072.195589905368,-11103.147734959082,-19041.243444851654
102.24128001893041,-8580.568485468826,-17263.378250956583,-15072.195589905368,-11103.147734959082,-19041.243444851654
82.36358484194716,-8572.555437940424,-17227.474460722795,-15072.195589905368,-11103.147734959082,-19041.243444851654
71.1848726678345,-8564.181607037659,-17199.548086743154,-15072.195589905368,-11103.147734959082,-19041.243444851654
82.59346792500583,-8555.897146016403,-17194.38775995781,-15072.195589905368,-11103.147734959082,-19041.243444851654
92.01480812065893,-8547.640706636916,-17187.296221394492,-15072.195589905368,-11103.147734959082,-19041.243444851654
103.68186835718006,-8539.417592216194,-17182.517052789568,-15072.195589905368,-11103.147734959082,-19041.243444851654
110.17901723039358,-8531.182281046127,-17172.54357932265,-15072.195589905368,-11103.147734959082,-19041.243444851654
128.98960143640397,-8522.337394626906,-17173.664390690217,-15072.195589905368,-11103.147734959082,-19041.243444851654
145.74383853936888,-8513.568629632975,-17172.88109780532,-15072.195589905368,-11103.147734959082,-19041.243444851654
170.9255662617761,-8504.606903052014,-17180.139372365804,-15072.195589905368,-11103.147734959082,-19041.243444851654
197.43333654429262,-8495.696768903157,-17188.826874350605,-15072.195589905368,-11103.147734959082,-19041.243444851654
220.1293224020592,-8486.7853726515,-17193.70006770506,-15072.195589905368,-11103.147734959082,-19041.243444851654
241.5753307676605,-8477.382530033314,-17196.340390834288,-15072.195589905368,-11103.147734959082,-19041.243444851654
253.2756288670389,-8467.961703139063,-17189.199035145164,-15072.195589905368,-11103.147734959082,-19041.243444851654
273.51619526115974,-8458.621566270262,-17190.759327801683,-15072.195589905368,-11103.147734959082,-19041.243444851654
305.49835739903574,-8449.331563998188,-17204.161485395412,-15072.195589905368,-11103.147734959082,-19041.243444851654
292.71977096494084,-8440.050481282246,-17172.820733529432,-15072.195589905368,-11103.147734959082,-19041.243444851654
293.5616784565955,-8430.705364393638,-17154.97240724387,-15072.195589905368,-11103.147734959082,-19041.243444851654
294.37169134883516,-8421.270184785086,-17136.912060919007,-15072.195589905368,-11103.147734959082,-19041.243444851654
303.3131407936835,-8411.840214334461,-17126.993569462604,-15072.195589905368,-11103.147734959082,-19041.243444851654
303.2752085622378,-8402.374702553907,-17108.02461367005,-15072.195589905368,-11103.147734959082,-19041.243444851654
311.66437985830635,-8392.74926144442,-17097.162902747146,-15072.195589905368,-11103.147734959082,-19041.243444851654
341.59032087041123,-8383.153615655143,-17107.897552180697,-15072.195589905368,-11103.147734959082,-19041.243444851654
366.6709485677384,-8373.512833832641,-17113.69661623302,-15072.195589905368,-11103.147734959082,-19041.243444851654
377.0031189988749,-8363.952139218392,-17104.907397435658,-15072.195589905368,-11103.147734959082,-19041.243444851654
382.641994556212,-8354.422168736788,-17091.486332029788,-15072.195589905368,-11103.147734959082,-19041.243444851654
393.11459335176187,-8345.17771855591,-17083.47003046358,-15072.195589905368,-11103.147734959082,-19041.243444851654
421.32754871447105,-8336.097651622478,-17093.522851959427,-15072.195589905368,-11103.147734959082,-19041.243444851654
434.92872443376655,-8327.160342930883,-17089.24941029553,-15072.195589905368,-11103.147734959082,-19041.243444851654
459.3860726361636,-8318.249027594533,-17095.88412782523,-15072.195589905368,-11103.147734959082,-19041.243444851654
464.865939969568,-8309.171997360594,-17083.209934690756,-15072.195589905368,-11103.147734959082,-19041.243444851654
463.68045394269757,-8300.236711509862,-17064.153876962424,-15072.195589905368,-11103.147734959082,-19041.243444851654
463.97557370760114,-8291.318286399366,-17046.612146506333,-15072.195589905368,-11103.147734959082,-19041.243444851654
474.4468170725195,-8282.52934651235,-17039.50551009722,-15072.195589905368,-11103.147734959082,-19041.243444851654
483.4846560088663,-8273.802620921173,-17031.089897851212,-15072.195589905368,-11103.147734959082,-19041.243444851654
491.22307648492097,-8265.044107118856,-17021.31129072263,-15072.195589905368,-11103.147734959082,-19041.243444851654
492.51085710386724,-8256.186371543845,-17004.883600191555,-15072.195589905368,-11103.147734959082,-19041.243444851654
507.94053239226196,-8247.328046168406,-17002.596624729074,-15072.195589905368,-11103.147734959082,-19041.243444851654
523.7884252443782,-8238.360691930548,-17000.509809105475,-15072.195589905368,-11103.147734959082,-19041.243444851654
520.209705070507,-8229.376492850088,-16978.962690770684,-15072.195589905368,-11103.147734959082,-19041.243444851654
541.7054481385239,-8220.415142912268,-16982.53573396306,-15072.195589905368,-11103.147734959082,-19041.243444851654
559.1257881961083,-8211.467283694803,-16982.060355585716,-15072.195589905368,-11103.147734959082,-19041.243444851654
563.0242391426946,-8202.484780188359,-16967.993799519412,-15072.195589905368,-11103.147734959082,-19041.243444851654
581.6227055762338,-8193.375675623733,-16968.374056823697,-15072.195589905368,-11103.147734959082,-19041.243444851654
586.0837826608822,-8184.456922411853,-16954.99762748459,-15072.195589905368,-11103.147734959082,-19041.243444851654
569.1857926593875,-8175.359353273303,-16919.904499205993,-15072.195589905368,-11103.147734959082,-19041.243444851654
559.1807624568237,-8166.325733790886,-16891.832230038595,-15072.195589905368,-11103.147734959082,-19041.243444851654
579.4111397872894,-8157.194261284987,-16893.79966235726,-15072.195589905368,-11103.147734959082,-19041.243444851654
579.1840709485514,-8148.266063052537,-16875.716197053625,-15072.195589905368,-11103.147734959082,-19041.243444851654
573.4338695359957,-8139.436571993193,-16852.307013522382,-15072.195589905368,-11103.147734959082,-19041.243444851654
568.9139190442984,-8130.669749349667,-16830.253417743632,-15072.195589905368,-11103.147734959082,-19041.243444851654
571.1871153322818,-8121.9384990677145,-16815.06411346771,-15072.195589905368,-11103.147734959082,-19041.243444851654
592.8994325254371,-8113.19421819665,-16819.287868918735,-15072.195589905368,-11103.147734959082,-19041.243444851654
591.0891694018064,-8104.5172090328415,-16800.12358746749,-15072.195589905368,-11103.147734959082,-19041.243444851654
594.3350470856731,-8095.85159570697,-16786.038238499612,-15072.195589905368,-11103.147734959082,-19041.243444851654
604.0903943002804,-8087.041126218856,-16778.172646737992,-15072.195589905368,-11103.147734959082,-19041.243444851654
616.9803877008953,-8078.228020133008,-16773.43642796691,-15072.195589905368,-11103.147734959082,-19041.243444851654
620.9681924909701,-8069.565741325246,-16760.09967514146,-15072.195589905368,-11103.147734959082,-19041.243444851654
629.8127269588877,-8060.893059423457,-16751.598845805802,-15072.195589905368,-11103.147734959082,-19041.243444851654
661.130482255925,-8052.182840454756,-16765.496163165437,-15072.195589905368,-11103.147734959082,-19041.243444851654
699.2309033188194,-8043.450593697578,-16786.132090713974,-15072.195589905368,-11103.147734959082,-19041.243444851654
716.550692177494,-8034.773834684056,-16786.098361545606,-15072.195589905368,-11103.147734959082,-19041.243444851654
749.9441513695419,-8026.354515370425,-16802.653182110393,-15072.195589905368,-11103.147734959082,-19041.243444851654
757.8303209069081,-8017.894617365801,-16793.61955563851,-15072.195589905368,-11103.147734959082,-19041.243444851654
741.4850331486068,-8009.482616658614,-16760.450266465836,-15072.195589905368,-11103.147734959082,-19041.243444851654
754.238132415413,-8001.131351825024,-16756.50083606546,-15072.195589905368,-11103.147734959082,-19041.243444851654
784.3991528328079,-7992.769243627543,-16769.937640087894,-15072.195589905368,-11103.147734959082,-19041.243444851654
803.1128883147267,-7984.494777678961,-16772.10244367265,-15072.195589905368,-11103.147734959082,-19041.243444851654
804.7094009898819,-7976.25781370343,-16757.22502839674,-15072.195589905368,-11103.147734959082,-19041.243444851654
804.9506150679172,-7968.003821825552,-16740.958258719023,-15072.195589905368,-11103.147734959082,-19041.243444851654
805.4755462462545,-7959.818064386578,-16725.111675019412,-15072.195589905368,-11103.147734959082,-19041.243444851654
802.6086160204923,-7951.628024842465,-16705.86466570542,-15072.195589905368,-11103.147734959082,-19041.243444851654
809.7437093090803,-7943.325647728877,-16696.395004766833,-15072.195589905368,-11103.147734959082,-19041.243444851654
817.4973899684855,-7934.863877724404,-16687.225145417295,-15072.195589905368,-11103.147734959082,-19041.243444851654
838.8552456924417,-7926.529172283571,-16691.913590259584,-15072.195589905368,-11103.147734959082,-19041.243444851654
834.1807827767088,-7918.134578383978,-16670.449939544666,-15072.195589905368,-11103.147734959082,-19041.243444851654
841.8040860590118,-7909.7871390486525,-16661.378364156317,-15072.195589905368,-11103.147734959082,-19041.243444851654
860.6011144634067,-7901.44119908338,-16663.483512630166,-15072.195589905368,-11103.147734959082,-19041.243444851654
900.6373146586939,-7893.10611434356,-16686.849543345816,-15072.195589905368,-11103.147734959082,-19041.243444851654
887.0179915903127,-7884.774704941498,-16656.56740147331,-15072.195589905368,-11103.147734959082,-19041.243444851654
864.8804558264928,-7876.580941169406,-16618.042338165305,-15072.195589905368,-11103.147734959082,-19041.243444851654
873.8397432242973,-7868.73144630335,-16611.302635830998,-15072.195589905368,-11103.147734959082,-19041.243444851654
861.1863321362489,-7860.904753516466,-16582.995839169183,-15072.195589905368,-11103.147734959082,-19041.243444851654
872.4164625430176,-7852.944989303501,-16578.30644115002,-15072.195589905368,-11103.147734959082,-19041.243444851654
860.3137114211977,-7845.092727678554,-16550.499166778307,-15072.195589905368,-11103.147734959082,-19041.243444851654
868.7788450814505,-7836.6106313411065,-16542.000107763663,-15072.195589905368,-11103.147734959082,-19041.243444851654
871.2154709765064,-7828.009288550024,-16527.234048076556,-15072.195589905368,-11103.147734959082,-19041.243444851654
868.569512621495,-7819.551754447898,-16507.67302151729,-15072.195589905368,-11103.147734959082,-19041.243444851654
881.4957880790198,-7811.0601868457225,-16503.616161770464,-15072.195589905368,-11103.147734959082,-19041.243444851654
909.5088782582461,-7802.311465616078,-16514.1318094904,-15072.195589905368,-11103.147734959082,-19041.243444851654
913.340212829331,-7793.612139052801,-16500.564490934932,-15072.195589905368,-11103.147734959082,-19041.243444851654
932.1876346029967,-7784.9122449724055,-16502.012124547808,-15072.195589905368,-11103.147734959082,-19041.243444851654
946.7064389527422,-7776.315386962964,-16499.337212878672,-15072.195589905368,-11103.147734959082,-19041.243444851654
947.439642803768,-7767.860878360555,-16483.161399524877,-15072.195589905368,-11103.147734959082,-19041.243444851654
954.9260208408441,-7759.333597015672,-16473.593214872188,-15072.195589905368,-11103.147734959082,-19041.243444851654
955.2132140635895,-7750.744156350756,-16456.7015267651,-15072.195589905368,-11103.147734959082,-19041.243444851654
1003.8851468449075,-7742.247503304246,-16488.3801534534,-15072.195589905368,-11103.147734959082,-19041.243444851654
1008.0585145597688,-7734.079140429896,-16476.21679541956,-15072.195589905368,-11103.147734959082,-19041.243444851654
1024.355258243073,-7725.803684943476,-16475.962628130022,-15072.195589905368,-11103.147734959082,-19041.243444851654
1034.2164339984047,-7717.515612988273,-16469.24765997495,-15072.195589905368,-11103.147734959082,-19041.243444851654
1053.6604043324878,-7709.043601031268,-16471.747606395023,-15072.195589905368,-11103.147734959082,-19041.243444851654
1057.7649558255998,-7700.614033731052,-16458.9930232877,-15072.195589905368,-11103.147734959082,-19041.243444851654
1066.6505581212386,-7692.77804305561,-16452.206644232458,-15072.195589905368,-11103.147734959082,-19041.243444851654
1046.7443179334114,-7685.042916284598,-16416.830150502607,-15072.195589905368,-11103.147734959082,-19041.243444851654
1038.2003212098816,-7677.394773749255,-16392.98986870839,-15072.195589905368,-11103.147734959082,-19041.243444851654
1021.2994205734021,-7669.76912012039,-16360.83766081418,-15072.195589905368,-11103.147734959082,-19041.243444851654
1030.5341141840709,-7661.861307699728,-16354.256729583527,-15072.195589905368,-11103.147734959082,-19041.243444851654
1017.0875140212429,-7654.368126787256,-16325.823767595755,-15072.195589905368,-11103.147734959082,-19041.243444851654
1024.021460791315,-7646.87462615302,-16317.770713097354,-15072.195589905368,-11103.147734959082,-19041.243444851654
1045.6393598798986,-7639.308909588042,-16324.257179055983,-15072.195589905368,-11103.147734959082,-19041.243444851654
1043.9105134796691,-7631.733445961724,-16307.377405403116,-15072.195589905368,-11103.147734959082,-19041.243444851654
1072.512047827594,-7624.162542925343,-16320.83713367828,-15072.195589905368,-11103.147734959082,-19041.243444851654
1083.0172875271155,-7616.517068650092,-16316.0514248273,-15072.195589905368,-11103.147734959082,-19041.243444851654
1111.100608558765,-7608.807095738841,-16328.714800036447,-15072.195589905368,-11103.147734959082,-19041.243444851654
1127.489060834906,-7600.761334537737,-16329.01172991038,-15072.195589905368,-11103.147734959082,-19041.243444851654
1131.964717309289,-7592.752063539909,-16317.468844389106,-15072.195589905368,-11103.147734959082,-19041.243444851654
1146.1305154706124,-7584.834175634406,-16315.798866739424,-15072.195589905368,-11103.147734959082,-19041.243444851654
1129.6206100631898,-7576.866480915898,-16283.353571894986,-15072.195589905368,-11103.147734959082,-19041.243444851654
1111.8488888496304,-7569.048646700992,-16249.946182251615,-15072.195589905368,-11103.147734959082,-19041.243444851654
1128.6308008156138,-7561.293212919012,-16251.217226653638,-15072.195589905368,-11103.147734959082,-19041.243444851654
1124.320239383258,-7553.30729862264,-16230.934836628538,-15072.195589905368,-11103.147734959082,-19041.243444851654
1113.5299241153389,-7545.182549658019,-16203.895023431376,-15072.195589905368,-11103.147734959082,-19041.243444851654
1109.8932909002042,-7537.044423606964,-16183.982138114134,-15072.195589905368,-11103.147734959082,-19041.243444851654
1130.7593398315248,-7528.900891849259,-16188.561123530042,-15072.195589905368,-11103.147734959082,-19041.243444851654
1124.9299290722429,-7520.616361561524,-16166.162652195291,-15072.195589905368,-11103.147734959082,-19041.243444851654
1151.475511277672,-7512.490973674266,-16176.457458626202,-15072.195589905368,-11103.147734959082,-19041.243444851654
1155.8710305374898,-7504.330031732914,-16164.531094003318,-15072.195589905368,-11103.147734959082,-19041.243444851654
1163.6974122299944,-7496.145612596669,-16155.988637423332,-15072.195589905368,-11103.147734959082,-19041.243444851654
1166.0373784333706,-7487.953915967638,-16141.945210368645,-15072.195589905368,-11103.147734959082,-19041.243444851654
1193.8425657976222,-7479.693627971721,-16153.229821741064,-15072.195589905368,-11103.147734959082,-19041.243444851654
1204.6219305054492,-7471.441915162408,-16147.505760830265,-15072.195589905368,-11103.147734959082,-19041.243444851654
1218.6210314449409,-7463.2380883494,-16145.09720814374,-15072.195589905368,-11103.147734959082,-19041.243444851654
1243.1392070261873,-7455.0010257907825,-16153.141258607753,-15072.195589905368,-11103.147734959082,-19041.243444851654
1240.0489829401095,-7446.670962411482,-16133.390907763074,-15072.195589905368,-11103.147734959082,-19041.243444851654
1279.6216608729246,-7438.347927295357,-16156.31751546364,-15072.195589905368,-11103.147734959082,-19041.243444851654
1281.396800195842,-7429.921142651814,-16141.23908549947,-15072.195589905368,-11103.147734959082,-19041.243444851654
1289.3836128775501,-7421.347043961648,-16132.077700800844,-15072.195589905368,-11103.147734959082,-19041.243444851654
1272.2224750708992,-7412.932834860103,-16098.088144791105,-15072.195589905368,-11103.147734959082,-19041.243444851654
1295.9513293543832,-7404.22277575635,-16104.396880867083,-15072.195589905368,-11103.147734959082,-19041.243444851654
1300.1900271841541,-7395.156778764399,-16090.503584712951,-15072.195589905368,-11103.147734959082,-19041.243444851654
1315.0566828611773,-7386.192046894705,-16087.440776650586,-15072.195589905368,-11103.147734959082,-19041.243444851654
1332.9910050709768,-7377.1744724148575,-16087.339949900692,-15072.195589905368,-11103.147734959082,-19041.243444851654
1328.877658763954,-7367.8646221148565,-16064.606902993666,-15072.195589905368,-11103.147734959082,-19041.243444851654
1326.5695249912942,-7358.5450859608945,-16043.659696913084,-15072.195589905368,-11103.147734959082,-19041.243444851654
1332.202827849348,-7349.2261260265905,-16030.655079902528,-15072.195589905368,-11103.147734959082,-19041.243444851654
1336.0763995351808,-7339.765485069909,-16015.607369674999,-15072.195589905368,-11103.147734959082,-19041.243444851654
1348.1730852725286,-7330.212022933292,-16008.597131139113,-15072.195589905368,-11103.147734959082,-19041.243444851654
1335.8289279013734,-7320.5486673831765,-15976.926262667726,-15072.195589905368,-11103.147734959082,-19041.243444851654
1349.6890678857617,-7310.861588457126,-15971.412244800014,-15072.195589905368,-11103.147734959082,-19041.243444851654
1367.7156645446403,-7301.1244436081915,-15969.964551761022,-15072.195589905368,-11103.147734959082,-19041.243444851654
1368.503184200913,-7291.544998261631,-15951.593180724176,-15072.195589905368,-11103.147734959082,-19041.243444851654
1387.5604941061847,-7281.927422376986,-15951.415338860157,-15072.195589905368,-11103.147734959082,-19041.243444851654
1413.7078020574509,-7271.924413541438,-15957.556629140327,-15072.195589905368,-11103.147734959082,-19041.243444851654
1426.061975078267,-7261.967097724772,-15949.996170527811,-15072.195589905368,-11103.147734959082,-19041.243444851654
1413.159322799319,-7252.051011663941,-15917.261346127201,-15072.195589905368,-11103.147734959082,-19041.243444851654
1396.281634024327,-7242.221779222339,-15880.725192469006,-15072.195589905368,-11103.147734959082,-19041.243444851654
1416.094143452592,-7232.440638618966,-15880.975420690524,-15072.195589905368,-11103.147734959082,-19041.243444851654
1429.120049586557,-7222.669945307888,-15874.459940202334,-15072.195589905368,-11103.147734959082,-19041.243444851654
1428.2294606696496,-7212.95885540395,-15854.14717147755,-15072.195589905368,-11103.147734959082,-19041.243444851654
1435.9353906429242,-7203.118503706752,-15842.172398056427,-15072.195589905368,-11103.147734959082,-19041.243444851654
1426.000447510065,-7193.254418216398,-15812.509283942862,-15072.195589905368,-11103.147734959082,-19041.243444851654
1422.0892964916084,-7183.138444985062,-15788.366186461732,-15072.195589905368,-11103.147734959082,-19041.243444851654
1417.2934352378134,-7172.791891697877,-15762.877218633566,-15072.195589905368,-11103.147734959082,-19041.243444851654
1423.0215733344294,-7162.492859984345,-15748.007293303119,-15072.195589905368,-11103.147734959082,-19041.243444851654
1461.4767108885235,-7151.973663380903,-15765.42403765033,-15072.195589905368,-11103.147734959082,-19041.243444851654
1474.5949472692128,-7141.309443000319,-15757.213833269852,-15072.195589905368,-11103.147734959082,-19041.243444851654
1499.1897554285606,-7130.478860077128,-15760.147475582817,-15072.195589905368,-11103.147734959082,-19041.243444851654
1505.4049726566736,-7119.762409662782,-15744.929791982238,-15072.195589905368,-11103.147734959082,-19041.243444851654
1501.254854910033,-7108.905530934943,-15719.06591677992,-15072.195589905368,-11103.147734959082,-19041.243444851654
1517.1059068373788,-7098.0636475042475,-15713.233201845873,-15072.195589905368,-11103.147734959082,-19041.243444851654
1532.3698220791948,-7087.144136247077,-15706.658094573348,-15072.195589905368,-11103.147734959082,-19041.243444851654
1539.827008529076,-7076.297131798973,-15692.421272127023,-15072.195589905368,-11103.147734959082,-19041.243444851654
1567.901380187167,-7065.067737644377,-15698.036855475922,-15072.195589905368,-11103.147734959082,-19041.243444851654
1565.6018781515277,-7053.816061391627,-15673.234000934783,-15072.195589905368,-11103.147734959082,-19041.243444851654
1610.8634404721452,-7042.561831724075,-15695.987103920295,-15072.195589905368,-11103.147734959082,-19041.243444851654
1632.082611562415,-7031.368325824684,-15694.819263211783,-15072.195589905368,-11103.147734959082,-19041.243444851654
1630.296700676674,-7020.129636281086,-15670.555973238846,-15072.195589905368,-11103.147734959082,-19041.243444851654
1644.9209954179069,-7008.77186594455,-15662.464727307008,-15072.195589905368,-11103.147734959082,-19041.243444851654
1655.5725882992847,-6997.397392711686,-15650.367373722656,-15072.195589905368,-11103.147734959082,-19041.243444851654
1684.1532971056176,-6985.573833329646,-15655.300963764908,-15072.195589905368,-11103.147734959082,-19041.243444851654
1684.5640677276415,-6974.213510168175,-15632.99108806399,-15072.195589905368,-11103.147734959082,-19041.243444851654
1695.2417279634983,-6962.902080085715,-15621.04588813493,-15072.195589905368,-11103.147734959082,-19041.243444851654
1723.909667543221,-6951.607882346034,-15627.125432235289,-15072.195589905368,-11103.147734959082,-19041.243444851654
1747.2847526031073,-6940.247477509882,-15627.77970762287,-15072.195589905368,-11103.147734959082,-19041.243444851654
1759.7462265087397,-6929.110555513695,-15617.967337536129,-15072.195589905368,-11103.147734959082,-19041.243444851654
1767.5846226770263,-6917.969438496873,-15603.523499670773,-15072.195589905368,-11103.147734959082,-19041.243444851654
1786.1453943033903,-6906.797427850635,-15599.740250004661,-15072.195589905368,-11103.147734959082,-19041.243444851654
1801.9979309330438,-6895.262967693557,-15592.523866320156,-15072.195589905368,-11103.147734959082,-19041.243444851654
1828.022535742928,-6883.1297874336615,-15594.282110610251,-15072.195589905368,-11103.147734959082,-19041.243444851654
1827.6861130525767,-6871.058548324639,-15569.803209701855,-15072.195589905368,-11103.147734959082,-19041.243444851654
1841.5018470371406,-6858.573448971641,-15558.648744980423,-15072.195589905368,-11103.147734959082,-19041.243444851654
1821.1592117442478,-6845.876644556759,-15512.912500857765,-15072.195589905368,-11103.147734959082,-19041.243444851654
1858.2541511636655,-6833.115234248139,-15524.484619659943,-15072.195589905368,-11103.147734959082,-19041.243444851654
1853.963261739982,-6820.415323374302,-15494.793908488586,-15072.195589905368,-11103.147734959082,-19041.243444851654
1861.8608786396935,-6807.729084213176,-15477.319047066045,-15072.195589905368,-11103.147734959082,-19041.243444851654
1866.1668678672058,-6794.954053995919,-15456.074975859043,-15072.195589905368,-11103.147734959082,-19041.243444851654
1886.5777727202185,-6782.2021428229655,-15450.98205836615,-15072.195589905368,-11103.147734959082,-19041.243444851654
1885.4936680283017,-6769.272245458699,-15424.0381589457,-15072.195589905368,-11103.147734959082,-19041.243444851654
1911.7242509365733,-6755.952105652241,-15423.628462241055,-15072.195589905368,-11103.147734959082,-19041.243444851654
1941.0439483151986,-6742.322598814893,-15425.689145944985,-15072.195589905368,-11103.147734959082,-19041.243444851654
1948.3752280276349,-6728.682975145697,-15405.74117831903,-15072.195589905368,-11103.147734959082,-19041.243444851654
1967.6836267700837,-6715.364656403892,-15398.412939577867,-15072.195589905368,-11103.147734959082,-19041.243444851654
1983.6195574152107,-6701.65260006528,-15386.92475754577,-15072.195589905368,-11103.147734959082,-19041.243444851654
1990.4325368381624,-6687.9242171224005,-15366.280971082964,-15072.195589905368,-11103.147734959082,-19041.243444851654
1982.4458005862853,-6674.284884692872,-15331.015569972029,-15072.195589905368,-11103.147734959082,-19041.243444851654
1990.133520219395,-6660.536199810529,-15311.205919840453,-15072.195589905368,-11103.147734959082,-19041.243444851654
1977.5115264641927,-6646.693595394615,-15270.898717253422,-15072.195589905368,-11103.147734959082,-19041.243444851654
1993.705317634528,-6632.166770442421,-15258.038858519369,-15072.195589905368,-11103.147734959082,-19041.243444851654
2005.226760618485,-6617.73005422827,-15240.686869075025,-15072.195589905368,-11103.147734959082,-19041.243444851654
2012.0470176798644,-6603.604489509757,-15219.255996699378,-15072.195589905368,-11103.147734959082,-19041.243444851654
2028.271470025832,-6588.716027429585,-15205.703524885,-15072.195589905368,-11103.147734959082,-19041.243444851654
2031.3652508781925,-6572.857358057181,-15177.079966992555,-15072.195589905368,-11103.147734959082,-19041.243444851654
2052.1028765412048,-6557.0350413359465,-15166.172959213098,-15072.195589905368,-11103.147734959082,-19041.243444851654
2074.961640203338,-6541.141788158596,-15157.245216520529,-15072.195589905368,-11103.147734959082,-19041.243444851654
2083.4531677685245,-6525.111933060001,-15133.677033888527,-15072.195589905368,-11103.147734959082,-19041.243444851654
2126.0896248565987,-6507.04217807542,-15140.17398100744,-15072.195589905368,-11103.147734959082,-19041.243444851654
2157.3243643723845,-6488.510098355034,-15134.344561082453,-15072.195589905368,-11103.147734959082,-19041.243444851654
2180.9560769783593,-6469.977496070208,-15120.911069118774,-15072.195589905368,-11103.147734959082,-19041.243444851654
2199.2977116682514,-6450.769550013108,-15100.836811694466,-15072.195589905368,-11103.147734959082,-19041.243444851654
2220.605139606854,-6431.62565826581,-15083.856456138474,-15072.195589905368,-11103.147734959082,-19041.243444851654
2240.136124030608,-6412.31757476658,-15064.771273563769,-15072.195589905368,-11103.147734959082,-19041.243444851654
2259.448129484781,-6392.900559655265,-15045.249248795311,-15072.195589905368,-11103.147734959082,-19041.243444851654
2295.494780073217,-6373.358673328148,-15042.212126729513,-15072.195589905368,-11103.147734959082,-19041.243444851654
2306.969465591207,-6352.671774224226,-15012.31301403966,-15072.195589905368,-11103.147734959082,-19041.243444851654
2304.796330185185,-6331.00489871981,-14966.806127624805,-15072.195589905368,-11103.147734959082,-19041.243444851654
2328.34512512762,-6309.179571776733,-14946.704268681086,-15072.195589905368,-11103.147734959082,-19041.243444851654
2339.5309680430237,-6286.512087154122,-14912.555142351268,-15072.195589905368,-11103.147734959082,-19041.243444851654
2359.0625198832677,-6263.465240518075,-14885.993000919418,-15072.195589905368,-11103.147734959082,-19041.243444851654
2402.329315928755,-6238.303988843141,-14878.937293615038,-15072.195589905368,-11103.147734959082,-19041.243444851654
2400.629718979483,-6210.499862196167,-14821.629443371818,-15072.195589905368,-11103.147734959082,-19041.243444851654
2442.0613350437898,-6180.373042189894,-14802.807419423578,-15072.195589905368,-11103.147734959082,-19041.243444851654
2477.0604074547255,-6144.987458162764,-14767.035323780252,-15072.195589905368,-11103.147734959082,-19041.243444851654
2518.252585779145,-6104.093035827996,-14726.438657435137,-15072.195589905368,-11103.147734959082,-19041.243444851654
2547.8054324932846,-6061.2276947530545,-14670.260821999393,-15072.195589905368,-11103.147734959082,-19041.243444851654
2547.8054324932846,-6061.2276947530545,-14670.260821999393,-15072.195589905368,-11103.147734959082,-19041.243444851654
2547.8054324932846,-6061.2276947530545,-14670.260821999393,-15072.195589905368,-11103.147734959082,-19041.243444851654
2547.8054324932846,-6061.2276947530545,-14670.260821999393,-15072.195589905368,-11103.147734959082,-19041.243444851654
2547.8054324932846,-6061.2276947530545,-14670.260821999393,-15072.195589905368,-11103.147734959082,-19041.243444851654
2547.8054324932846,-6061.2276947530545,-14670.260821999393,-15072.195589905368,-11103.147734959082,-19041.243444851654
2547.8054324932846,-6061.2276947530545,-14670.260821999393,-15072.195589905368,-11103.147734959082,-19041.243444851654
2547.8054324932846,-6061.2276947530545,-14670.260821999393,-15072.195589905368,-11103.147734959082,-19041.243444851654
2547.8054324932846,-6061.2276947530545,-14670.260821999393,-15072.195589905368,-11103.147734959082,-19041.243444851654
2547.8054324932846,-6061.2276947530545,-14670.260821999393,-15072.195589905368,-11103.147734959082,-19041.243444851654
2547.8054324932846,-6061.2276947530545,-14670.260821999393,-15072.195589905368,-11103.147734959082,-19041.243444851654
2547.8054324932846,-6061.2276947530545,-14670.260821999393,-15072.195589905368,-11103.147734959082,-19041.243444851654
2547.8054324932846,-6061.2276947530545,-14670.260821999393,-15072.195589905368,-11103.147734959082,-19041.243444851654
2547.8054324932846,-6061.2276947530545,-14670.260821999393,-15072.195589905368,-11103.147734959082,-19041.243444851654
2547.8054324932846,-6061.2276947530545,-14670.260821999393,-15072.195589905368,-11103.147734959082,-19041.243444851654
2547.8054324932846,-6061.2276947530545,-14670.260821999393,-15072.195589905368,-11103.147734959082,-19041.243444851654
2547.8054324932846,-6061.2276947530545,-14670.260821999393,-15072.195589905368,-11103.147734959082,-19041.243444851654
2547.8054324932846,-6061.2276947530545,-14670.260821999393,-15072.195589905368,-11103.147734959082,-19041.243444851654
2547.8054324932846,-6061.2276947530545,-14670.260821999393,-15072.195589905368,-11103.147734959082,-19041.243444851654
2547.8054324932846,-6061.2276947530545,-14670.260821999393,-15072.195589905368,-11103.147734959082,-19041.243444851654
2547.8054324932846,-6061.2276947530545,-14670.260821999393,-15072.195589905368,-11103.147734959082,-19041.243444851654
2547.8054324932846,-6061.2276947530545,-14670.260821999393,-15072.195589905368,-11103.147734959082,-19041.243444851654
2547.8054324932846,-6061.2276947530545,-14670.260821999393,-15072.195589905368,-11103.147734959082,-19041.243444851654
2547.8054324932846,-6061.2276947530545,-14670.260821999393,-15072.195589905368,-11103.147734959082,-19041.243444851654
2547.8054324932846,-6061.2276947530545,-14670.260821999393,-15072.195589905368,-11103.147734959082,-19041.243444851654
2547.8054324932846,-6061.2276947530545,-14670.260821999393,-15072.195589905368,-11103.147734959082,-19041.243444851654
2547.8054324932846,-6061.2276947530545,-14670.260821999393,-15072.195589905368,-11103.147734959082,-19041.243444851654
2547.8054324932846,-6061.2276947530545,-14670.260821999393,-15072.195589905368,-11103.147734959082,-19041.243444851654
2547.8054324932846,-6061.2276947530545,-14670.260821999393,-15072.195589905368,-11103.147734959082,-19041.243444851654
2547.8054324932846,-6061.2276947530545,-14670.260821999393,-15072.195589905368,-11103.147734959082,-19041.243444851654
2547.8054324932846,-6061.2276947530545,-14670.260821999393,-15072.195589905368,-11103.147734959082,-19041.243444851654
2547.8054324932846,-6061.2276947530545,-14670.260821999393,-15072.195589905368,-11103.147734959082,-19041.243444851654
2547.8054324932846,-6061.2276947530545,-14670.260821999393,-15072.195589905368,-11103.147734959082,-19041.243444851654
2547.8054324932846,-6061.2276947530545,-14670.260821999393,-15072.195589905368,-11103.147734959082,-19041.243444851654
2547.8054324932846,-6061.2276947530545,-14670.260821999393,-15072.195589905368,-11103.147734959082,-19041.243444851654
2547.8054324932846,-6061.2276947530545,-14670.260821999393,-15072.195589905368,-11103.147734959082,-19041.243444851654
2547.8054324932846,-6061.2276947530545,-14670.260821999393,-15072.195589905368,-11103.147734959082,-19041.243444851654
2547.8054324932846,-6061.2276947530545,-14670.260821999393,-15072.195589905368,-11103.147734959082,-19041.243444851654
2547.8054324932846,-6061.2276947530545,-14670.260821999393,-15072.195589905368,-11103.147734959082,-19041.243444851654
2547.8054324932846,-6061.2276947530545,-14670.260821999393,-15072.195589905368,-11103.147734959082,-19041.243444851654
2547.8054324932846,-6061.2276947530545,-14670.260821999393,-15072.195589905368,-11103.147734959082,-19041.243444851654
2547.8054324932846,-6061.2276947530545,-14670.260821999393,-15072.195589905368,-11103.147734959082,-19041.243444851654
2547.8054324932846,-6061.2276947530545,-14670.260821999393,-15072.195589905368,-11103.147734959082,-19041.243444851654
2547.8054324932846,-6061.2276947530545,-14670.260821999393,-15072.195589905368,-11103.147734959082,-19041.243444851654
2547.8054324932846,-6061.2276947530545,-14670.260821999393,-15072.195589905368,-11103.147734959082,-19041.243444851654
2547.8054324932846,-6061.2276947530545,-14670.260821999393,-15072.195589905368,-11103.147734959082,-19041.243444851654
2547.8054324932846,-6061.2276947530545,-14670.260821999393,-15072.195589905368,-11103.147734959082,-19041.243444851654
2547.8054324932846,-6061.2276947530545,-14670.260821999393,-15072.195589905368,-11103.147734959082,-19041.243444851654
