upper,effects,lower,ate,ate_l,ate_u
-30369.637274647863,-38036.48906694647,-45703.34085924509,-26672.186422302184,-25610.246125928366,-27734.126718676
-30369.637274647863,-38036.48906694647,-45703.34085924509,-26672.186422302184,-25610.246125928366,-27734.126718676
-30369.637274647863,-38036.48906694647,-45703.34085924509,-26672.186422302184,-25610.246125928366,-27734.126718676
-30369.637274647863,-38036.48906694647,-45703.34085924509,-26672.186422302184,-25610.246125928366,-27734.126718676
-30369.637274647863,-38036.48906694647,-45703.34085924509,-26672.186422302184,-25610.246125928366,-27734.126718676
-30369.637274647863,-38036.48906694647,-45703.34085924509,-26672.186422302184,-25610.246125928366,-27734.126718676
-30369.637274647863,-38036.48906694647,-45703.34085924509,-26672.186422302184,-25610.246125928366,-27734.126718676
-30369.637274647863,-38036.48906694647,-45703.34085924509,-26672.186422302184,-25610.246125928366,-27734.126718676
-30369.637274647863,-38036.48906694647,-45703.34085924509,-26672.186422302184,-25610.246125928366,-27734.126718676
-30369.637274647863,-38036.48906694647,-45703.34085924509,-26672.186422302184,-25610.246125928366,-27734.126718676
-30369.637274647863,-38036.48906694647,-45703.34085924509,-26672.186422302184,-25610.246125928366,-27734.126718676
-30369.637274647863,-38036.48906694647,-45703.34085924509,-26672.186422302184,-25610.246125928366,-27734.126718676
-30369.637274647863,-38036.48906694647,-45703.34085924509,-26672.186422302184,-25610.246125928366,-27734.126718676
-30369.637274647863,-38036.48906694647,-45703.34085924509,-26672.186422302184,-25610.246125928366,-27734.126718676
-30369.637274647863,-38036.48906694647,-45703.34085924509,-26672.186422302184,-25610.246125928366,-27734.126718676
-30369.637274647863,-38036.48906694647,-45703.34085924509,-26672.186422302184,-25610.246125928366,-27734.126718676
-30369.637274647863,-38036.48906694647,-45703.34085924509,-26672.186422302184,-25610.246125928366,-27734.126718676
-30369.637274647863,-38036.48906694647,-45703.34085924509,-26672.186422302184,-25610.246125928366,-27734.126718676
-30369.637274647863,-38036.48906694647,-45703.34085924509,-26672.186422302184,-25610.246125928366,-27734.126718676
-30369.637274647863,-38036.48906694647,-45703.34085924509,-26672.186422302184,-25610.246125928366,-27734.126718676
-30369.637274647863,-38036.48906694647,-45703.34085924509,-26672.186422302184,-25610.246125928366,-27734.126718676
-30369.637274647863,-38036.48906694647,-45703.34085924509,-26672.186422302184,-25610.246125928366,-27734.126718676
-30369.637274647863,-38036.48906694647,-45703.34085924509,-26672.186422302184,-25610.246125928366,-27734.126718676
-30369.637274647863,-38036.48906694647,-45703.34085924509,-26672.186422302184,-25610.246125928366,-27734.126718676
-30369.637274647863,-38036.48906694647,-45703.34085924509,-26672.186422302184,-25610.246125928366,-27734.126718676
-30369.637274647863,-38036.48906694647,-45703.34085924509,-26672.186422302184,-25610.246125928366,-27734.126718676
-30369.637274647863,-38036.48906694647,-45703.34085924509,-26672.186422302184,-25610.246125928366,-27734.126718676
-30369.637274647863,-38036.48906694647,-45703.34085924509,-26672.186422302184,-25610.246125928366,-27734.126718676
-30369.637274647863,-38036.48906694647,-45703.34085924509,-26672.186422302184,-25610.246125928366,-27734.126718676
-30369.637274647863,-38036.48906694647,-45703.34085924509,-26672.186422302184,-25610.246125928366,-27734.126718676
-30369.637274647863,-38036.48906694647,-45703.34085924509,-26672.186422302184,-25610.246125928366,-27734.126718676
-30369.637274647863,-38036.48906694647,-45703.34085924509,-26672.186422302184,-25610.246125928366,-27734.126718676
-30369.637274647863,-38036.48906694647,-45703.34085924509,-26672.186422302184,-25610.246125928366,-27734.126718676
-30369.637274647863,-38036.48906694647,-45703.34085924509,-26672.186422302184,-25610.246125928366,-27734.126718676
-30369.637274647863,-38036.48906694647,-45703.34085924509,-26672.186422302184,-25610.246125928366,-27734.126718676
-30369.637274647863,-38036.48906694647,-45703.34085924509,-26672.186422302184,-25610.246125928366,-27734.126718676
-30369.637274647863,-38036.48906694647,-45703.34085924509,-26672.186422302184,-25610.246125928366,-27734.126718676
-30369.637274647863,-38036.48906694647,-45703.34085924509,-26672.186422302184,-25610.246125928366,-27734.126718676
-30369.637274647863,-38036.48906694647,-45703.34085924509,-26672.186422302184,-25610.246125928366,-27734.126718676
-30369.637274647863,-38036.48906694647,-45703.34085924509,-26672.186422302184,-25610.246125928366,-27734.126718676
-30369.637274647863,-38036.48906694647,-45703.34085924509,-26672.186422302184,-25610.246125928366,-27734.126718676
-30369.637274647863,-38036.48906694647,-45703.34085924509,-26672.186422302184,-25610.246125928366,-27734.126718676
-30369.637274647863,-38036.48906694647,-45703.34085924509,-26672.186422302184,-25610.246125928366,-27734.126718676
-30369.637274647863,-38036.48906694647,-45703.34085924509,-26672.186422302184,-25610.246125928366,-27734.126718676
-30369.637274647863,-38036.48906694647,-45703.34085924509,-26672.186422302184,-25610.246125928366,-27734.126718676
-30369.637274647863,-38036.48906694647,-45703.34085924509,-26672.186422302184,-25610.246125928366,-27734.126718676
-30369.637274647863,-38036.48906694647,-45703.34085924509,-26672.186422302184,-25610.246125928366,-27734.126718676
-30369.637274647863,-38036.48906694647,-45703.34085924509,-26672.186422302184,-25610.246125928366,-27734.126718676
-30356.472455156858,-38000.160004747995,-45643.84755433913,-26672.186422302184,-25610.246125928366,-27734.126718676
-30339.36485063868,-37964.51859053134,-45589.672330424,-26672.186422302184,-25610.246125928366,-27734.126718676
-30324.785953549737,-37928.21628793807,-45531.6466223264,-26672.186422302184,-25610.246125928366,-27734.126718676
-30309.617984547825,-37893.69980212901,-45477.7816197102,-26672.186422302184,-25610.246125928366,-27734.126718676
-30301.36175381975,-37861.438773195274,-45421.5157925708,-26672.186422302184,-25610.246125928366,-27734.126718676
-30290.115006138865,-37829.03987364197,-45367.964741145064,-26672.186422302184,-25610.246125928366,-27734.126718676
-30282.456999990733,-37797.66641061077,-45312.87582123081,-26672.186422302184,-25610.246125928366,-27734.126718676
-30272.69022092284,-37766.44639392906,-45260.20256693527,-26672.186422302184,-25610.246125928366,-27734.126718676
-30266.649794549354,-37735.90757380442,-45205.165353059485,-26672.186422302184,-25610.246125928366,-27734.126718676
-30251.870926881686,-37705.24275041391,-45158.614573946135,-26672.186422302184,-25610.246125928366,-27734.126718676
-30238.674109614436,-37675.23627052365,-45111.79843143287,-26672.186422302184,-25610.246125928366,-27734.126718676
-30237.553016585756,-37645.69137762616,-45053.82973866656,-26672.186422302184,-25610.246125928366,-27734.126718676
-30229.851304061085,-37616.592328460276,-45003.33335285947,-26672.186422302184,-25610.246125928366,-27734.126718676
-30213.36888135937,-37588.49491598859,-44963.620950617806,-26672.186422302184,-25610.246125928366,-27734.126718676
-30209.847898234668,-37560.23570911049,-44910.623519986315,-26672.186422302184,-25610.246125928366,-27734.126718676
-30201.245741236682,-37532.74449131003,-44864.24324138339,-26672.186422302184,-25610.246125928366,-27734.126718676
-30184.332632980706,-37505.45917657614,-44826.585720171584,-26672.186422302184,-25610.246125928366,-27734.126718676
-30176.922895879437,-37478.03368250642,-44779.1444691334,-26672.186422302184,-25610.246125928366,-27734.126718676
-30170.680829149518,-37451.50401583154,-44732.32720251356,-26672.186422302184,-25610.246125928366,-27734.126718676
-30164.68008012748,-37424.92142851958,-44685.162776911675,-26672.186422302184,-25610.246125928366,-27734.126718676
-30150.66950998515,-37398.6814174777,-44646.693324970256,-26672.186422302184,-25610.246125928366,-27734.126718676
-30139.721799555777,-37372.310280948535,-44604.8987623413,-26672.186422302184,-25610.246125928366,-27734.126718676
-30119.022314750855,-37346.20570646156,-44573.38909817226,-26672.186422302184,-25610.246125928366,-27734.126718676
-30104.865707923214,-37320.00359636405,-44535.14148480488,-26672.186422302184,-25610.246125928366,-27734.126718676
-30089.36863726565,-37294.54213830626,-44499.71563934687,-26672.186422302184,-25610.246125928366,-27734.126718676
-30076.882979600996,-37269.74824065952,-44462.61350171805,-26672.186422302184,-25610.246125928366,-27734.126718676
-30063.311758339816,-37245.87089676413,-44428.43003518844,-26672.186422302184,-25610.246125928366,-27734.126718676
-30048.741274842065,-37222.1169848599,-44395.49269487774,-26672.186422302184,-25610.246125928366,-27734.126718676
-30029.81313192396,-37197.974920902445,-44366.13670988093,-26672.186422302184,-25610.246125928366,-27734.126718676
-30013.567973730358,-37175.16475751332,-44336.76154129628,-26672.186422302184,-25610.246125928366,-27734.126718676
-30002.59174215521,-37152.464407188236,-44302.33707222126,-26672.186422302184,-25610.246125928366,-27734.126718676
-29995.325599170734,-37130.30755415744,-44265.28950914415,-26672.186422302184,-25610.246125928366,-27734.126718676
-29985.8629180095,-37108.34614085129,-44230.829363693076,-26672.186422302184,-25610.246125928366,-27734.126718676
-29966.348422963772,-37086.63046998334,-44206.912517002915,-26672.186422302184,-25610.246125928366,-27734.126718676
-29956.239224796824,-37065.11440820987,-44173.989591622914,-26672.186422302184,-25610.246125928366,-27734.126718676
-29939.434443098304,-37043.591262921764,-44147.748082745224,-26672.186422302184,-25610.246125928366,-27734.126718676
-29917.81843158524,-37022.35797686622,-44126.89752214719,-26672.186422302184,-25610.246125928366,-27734.126718676
-29914.253239641308,-37000.98207815526,-44087.71091666922,-26672.186422302184,-25610.246125928366,-27734.126718676
-29904.288017623578,-36979.95440389241,-44055.620790161236,-26672.186422302184,-25610.246125928366,-27734.126718676
-29886.86023317453,-36958.884443095834,-44030.90865301714,-26672.186422302184,-25610.246125928366,-27734.126718676
-29875.364243205433,-36937.79841274847,-44000.2325822915,-26672.186422302184,-25610.246125928366,-27734.126718676
-29862.31397136252,-36916.75958708936,-43971.20520281619,-26672.186422302184,-25610.246125928366,-27734.126718676
-29850.84272709193,-36895.37206009692,-43939.9013931019,-26672.186422302184,-25610.246125928366,-27734.126718676
-29834.889107327428,-36874.04544899169,-43913.20179065595,-26672.186422302184,-25610.246125928366,-27734.126718676
-29828.549560330986,-36852.79717249011,-43877.04478464923,-26672.186422302184,-25610.246125928366,-27734.126718676
-29819.6919498454,-36832.02456261617,-43844.35717538694,-26672.186422302184,-25610.246125928366,-27734.126718676
-29810.750952458213,-36811.33110498118,-43811.91125750415,-26672.186422302184,-25610.246125928366,-27734.126718676
-29801.084030661295,-36790.863260182625,-43780.642489703954,-26672.186422302184,-25610.246125928366,-27734.126718676
-29786.831367089413,-36770.98681028131,-43755.14225347321,-26672.186422302184,-25610.246125928366,-27734.126718676
-29777.735627115922,-36751.13905557996,-43724.542484043996,-26672.186422302184,-25610.246125928366,-27734.126718676
-29766.846226843445,-36731.60314866168,-43696.36007047991,-26672.186422302184,-25610.246125928366,-27734.126718676
-29752.719676559347,-36712.73933411294,-43672.75899166654,-26672.186422302184,-25610.246125928366,-27734.126718676
-29744.60263852403,-36693.98539856859,-43643.36815861315,-26672.186422302184,-25610.246125928366,-27734.126718676
-29721.881983093495,-36675.548881233866,-43629.21577937424,-26672.186422302184,-25610.246125928366,-27734.126718676
-29715.48579290436,-36657.2071993327,-43598.92860576103,-26672.186422302184,-25610.246125928366,-27734.126718676
-29716.88494801766,-36638.97798147382,-43561.071014929985,-26672.186422302184,-25610.246125928366,-27734.126718676
-29711.502061545405,-36620.83504498969,-43530.168028433975,-26672.186422302184,-25610.246125928366,-27734.126718676
-29702.173553510678,-36602.77444813203,-43503.37534275339,-26672.186422302184,-25610.246125928366,-27734.126718676
-29698.273361158528,-36585.109334911875,-43471.94530866522,-26672.186422302184,-25610.246125928366,-27734.126718676
-29682.49565263572,-36567.413755288384,-43452.33185794105,-26672.186422302184,-25610.246125928366,-27734.126718676
-29670.725625214018,-36550.05602680269,-43429.38642839136,-26672.186422302184,-25610.246125928366,-27734.126718676
-29665.912645125445,-36533.69689106358,-43401.481137001705,-26672.186422302184,-25610.246125928366,-27734.126718676
-29655.98528530808,-36517.37890420303,-43378.772523097985,-26672.186422302184,-25610.246125928366,-27734.126718676
-29652.253473441004,-36501.01564337822,-43349.77781331543,-26672.186422302184,-25610.246125928366,-27734.126718676
-29650.139959851214,-36485.04516239342,-43319.95036493563,-26672.186422302184,-25610.246125928366,-27734.126718676
-29643.328533167725,-36468.93381502036,-43294.539096873,-26672.186422302184,-25610.246125928366,-27734.126718676
-29624.74678663952,-36453.018076846296,-43281.28936705307,-26672.186422302184,-25610.246125928366,-27734.126718676
-29610.860551013717,-36437.31231067885,-43263.764070343976,-26672.186422302184,-25610.246125928366,-27734.126718676
-29610.934136117765,-36421.73667787238,-43232.539219627,-26672.186422302184,-25610.246125928366,-27734.126718676
-29594.33322169426,-36406.158662998234,-43217.98410430221,-26672.186422302184,-25610.246125928366,-27734.126718676
-29583.82829302684,-36390.61544436896,-43197.40259571108,-26672.186422302184,-25610.246125928366,-27734.126718676
-29571.39955828856,-36375.12518876698,-43178.850819245396,-26672.186422302184,-25610.246125928366,-27734.126718676
-29561.6580767267,-36359.57369123806,-43157.48930574942,-26672.186422302184,-25610.246125928366,-27734.126718676
-29546.5222406814,-36344.26566840853,-43142.00909613566,-26672.186422302184,-25610.246125928366,-27734.126718676
-29541.9592733744,-36329.29462187865,-43116.629970382906,-26672.186422302184,-25610.246125928366,-27734.126718676
-29535.72287985594,-36314.303052217576,-43092.883224579215,-26672.186422302184,-25610.246125928366,-27734.126718676
-29522.03685051753,-36299.377232528874,-43076.71761454022,-26672.186422302184,-25610.246125928366,-27734.126718676
-29522.58405069922,-36284.4346633576,-43046.28527601598,-26672.186422302184,-25610.246125928366,-27734.126718676
-29516.794959796644,-36269.424316000164,-43022.053672203685,-26672.186422302184,-25610.246125928366,-27734.126718676
-29512.471383445278,-36255.52526051958,-42998.57913759388,-26672.186422302184,-25610.246125928366,-27734.126718676
-29506.958728035104,-36241.71102167596,-42976.46331531682,-26672.186422302184,-25610.246125928366,-27734.126718676
-29507.94309797939,-36227.69550887673,-42947.447919774066,-26672.186422302184,-25610.246125928366,-27734.126718676
-29506.07154103036,-36213.606820840985,-42921.14210065161,-26672.186422302184,-25610.246125928366,-27734.126718676
-29493.218755803315,-36199.53036402971,-42905.841972256116,-26672.186422302184,-25610.246125928366,-27734.126718676
-29483.252061320767,-36185.66335842936,-42888.07465553795,-26672.186422302184,-25610.246125928366,-27734.126718676
-29488.997830953478,-36171.83738294869,-42854.6769349439,-26672.186422302184,-25610.246125928366,-27734.126718676
-29475.952418018656,-36158.16805777194,-42840.38369752522,-26672.186422302184,-25610.246125928366,-27734.126718676
-29455.91965750955,-36144.641594789755,-42833.36353206996,-26672.186422302184,-25610.246125928366,-27734.126718676
-29446.159396562238,-36130.98892978277,-42815.8184630033,-26672.186422302184,-25610.246125928366,-27734.126718676
-29433.937577923392,-36117.88432343617,-42801.83106894895,-26672.186422302184,-25610.246125928366,-27734.126718676
-29412.659534027986,-36104.64802221302,-42796.63651039805,-26672.186422302184,-25610.246125928366,-27734.126718676
-29418.363472267396,-36091.4505085954,-42764.537544923405,-26672.186422302184,-25610.246125928366,-27734.126718676
-29411.730004705612,-36078.397430337856,-42745.0648559701,-26672.186422302184,-25610.246125928366,-27734.126718676
-29408.456901556863,-36065.77367553359,-42723.090449510324,-26672.186422302184,-25610.246125928366,-27734.126718676
-29404.551470372855,-36052.95533130385,-42701.35919223484,-26672.186422302184,-25610.246125928366,-27734.126718676
-29404.691401639262,-36040.22847048646,-42675.76553933365,-26672.186422302184,-25610.246125928366,-27734.126718676
-29401.758433811974,-36027.56939143673,-42653.38034906148,-26672.186422302184,-25610.246125928366,-27734.126718676
-29395.58150345215,-36015.50862000556,-42635.43573655897,-26672.186422302184,-25610.246125928366,-27734.126718676
-29394.090961670903,-36003.35961634193,-42612.62827101295,-26672.186422302184,-25610.246125928366,-27734.126718676
-29387.65154839633,-35991.50559211797,-42595.3596358396,-26672.186422302184,-25610.246125928366,-27734.126718676
-29376.34869079419,-35979.722897081585,-42583.09710336898,-26672.186422302184,-25610.246125928366,-27734.126718676
-29361.95335879711,-35967.610027137605,-42573.2666954781,-26672.186422302184,-25610.246125928366,-27734.126718676
-29351.38268198689,-35955.464616244586,-42559.54655050228,-26672.186422302184,-25610.246125928366,-27734.126718676
-29344.27118640839,-35943.35201036125,-42542.43283431412,-26672.186422302184,-25610.246125928366,-27734.126718676
-29341.16124964839,-35931.33667613193,-42521.51210261546,-26672.186422302184,-25610.246125928366,-27734.126718676
-29347.233938351157,-35919.19099021996,-42491.14804208877,-26672.186422302184,-25610.246125928366,-27734.126718676
-29334.39853739475,-35907.036741727825,-42479.6749460609,-26672.186422302184,-25610.246125928366,-27734.126718676
-29325.64986282996,-35894.72600544676,-42463.802148063565,-26672.186422302184,-25610.246125928366,-27734.126718676
-29321.36630626525,-35882.92216112645,-42444.47801598765,-26672.186422302184,-25610.246125928366,-27734.126718676
-29311.669533890126,-35871.311390696115,-42430.953247502104,-26672.186422302184,-25610.246125928366,-27734.126718676
-29310.21419705904,-35859.860254985695,-42409.50631291235,-26672.186422302184,-25610.246125928366,-27734.126718676
-29318.119479911125,-35848.501337659385,-42378.883195407645,-26672.186422302184,-25610.246125928366,-27734.126718676
-29304.366410548755,-35837.554466973634,-42370.74252339851,-26672.186422302184,-25610.246125928366,-27734.126718676
-29299.58096249245,-35826.730971530385,-42353.88098056832,-26672.186422302184,-25610.246125928366,-27734.126718676
-29300.453841700837,-35815.97505809647,-42331.4962744921,-26672.186422302184,-25610.246125928366,-27734.126718676
-29292.215377829452,-35805.356718015464,-42318.498058201476,-26672.186422302184,-25610.246125928366,-27734.126718676
-29281.45004679011,-35795.04468468583,-42308.639322581555,-26672.186422302184,-25610.246125928366,-27734.126718676
-29271.791091786632,-35784.958104635865,-42298.1251174851,-26672.186422302184,-25610.246125928366,-27734.126718676
-29261.068076358566,-35774.89445637568,-42288.72083639279,-26672.186422302184,-25610.246125928366,-27734.126718676
-29250.22809470323,-35764.868364577356,-42279.508634451486,-26672.186422302184,-25610.246125928366,-27734.126718676
-29258.066936022755,-35755.00947351377,-42251.95201100478,-26672.186422302184,-25610.246125928366,-27734.126718676
-29250.40051107369,-35745.245324235024,-42240.09013739636,-26672.186422302184,-25610.246125928366,-27734.126718676
-29242.013445546414,-35735.4018753635,-42228.79030518059,-26672.186422302184,-25610.246125928366,-27734.126718676
-29236.16728339587,-35725.9770077358,-42215.78673207572,-26672.186422302184,-25610.246125928366,-27734.126718676
-29225.89036578071,-35716.4734630272,-42207.05656027369,-26672.186422302184,-25610.246125928366,-27734.126718676
-29224.20423033508,-35706.79351449818,-42189.38279866129,-26672.186422302184,-25610.246125928366,-27734.126718676
-29207.98218468038,-35697.09754008431,-42186.21289548824,-26672.186422302184,-25610.246125928366,-27734.126718676
-29193.558974638185,-35687.374668552744,-42181.19036246731,-26672.186422302184,-25610.246125928366,-27734.126718676
-29189.59644209251,-35677.61658515639,-42165.63672822028,-26672.186422302184,-25610.246125928366,-27734.126718676
-29181.40773451989,-35667.76965269127,-42154.13157086265,-26672.186422302184,-25610.246125928366,-27734.126718676
-29180.45261732857,-35657.807134424096,-42135.16165151962,-26672.186422302184,-25610.246125928366,-27734.126718676
-29181.339603918488,-35647.86160664902,-42114.383609379554,-26672.186422302184,-25610.246125928366,-27734.126718676
-29171.31030473084,-35638.037079240596,-42104.76385375035,-26672.186422302184,-25610.246125928366,-27734.126718676
-29170.622295571935,-35628.38392928481,-42086.14556299769,-26672.186422302184,-25610.246125928366,-27734.126718676
-29163.68927499652,-35618.752805669974,-42073.81633634343,-26672.186422302184,-25610.246125928366,-27734.126718676
-29152.863466195708,-35609.044077626626,-42065.22468905755,-26672.186422302184,-25610.246125928366,-27734.126718676
-29145.765685229904,-35599.41397549907,-42053.06226576823,-26672.186422302184,-25610.246125928366,-27734.126718676
-29139.398016827217,-35590.12857106365,-42040.859125300085,-26672.186422302184,-25610.246125928366,-27734.126718676
-29137.865357991934,-35580.78322658921,-42023.70109518648,-26672.186422302184,-25610.246125928366,-27734.126718676
-29133.815512965823,-35571.47029574111,-42009.12507851639,-26672.186422302184,-25610.246125928366,-27734.126718676
-29129.245482713057,-35562.31804360696,-41995.39060450086,-26672.186422302184,-25610.246125928366,-27734.126718676
-29126.473240338622,-35553.12308872744,-41979.772937116264,-26672.186422302184,-25610.246125928366,-27734.126718676
-29127.26073989307,-35543.77767066206,-41960.294601431044,-26672.186422302184,-25610.246125928366,-27734.126718676
-29120.47044538556,-35534.349108054186,-41948.22777072281,-26672.186422302184,-25610.246125928366,-27734.126718676
-29119.989745168776,-35525.16816871562,-41930.34659226247,-26672.186422302184,-25610.246125928366,-27734.126718676
-29113.495038942183,-35515.92232009568,-41918.349601249174,-26672.186422302184,-25610.246125928366,-27734.126718676
-29107.42704649278,-35506.73399982137,-41906.04095314996,-26672.186422302184,-25610.246125928366,-27734.126718676
-29099.23979369778,-35497.59736602028,-41895.95493834278,-26672.186422302184,-25610.246125928366,-27734.126718676
-29116.81308010126,-35487.95324149639,-41859.09340289152,-26672.186422302184,-25610.246125928366,-27734.126718676
-29106.50262137977,-35478.36553532696,-41850.228449274146,-26672.186422302184,-25610.246125928366,-27734.126718676
-29101.013167424444,-35468.78784488282,-41836.5625223412,-26672.186422302184,-25610.246125928366,-27734.126718676
-29097.29707254361,-35459.46958172057,-41821.642090897534,-26672.186422302184,-25610.246125928366,-27734.126718676
-29101.30039545228,-35450.16503802952,-41799.029680606756,-26672.186422302184,-25610.246125928366,-27734.126718676
-29100.86208037986,-35440.59814853986,-41780.33421669986,-26672.186422302184,-25610.246125928366,-27734.126718676
-29097.494213772854,-35430.84405056773,-41764.193887362606,-26672.186422302184,-25610.246125928366,-27734.126718676
-29101.068198064037,-35421.073916236885,-41741.07963440973,-26672.186422302184,-25610.246125928366,-27734.126718676
-29091.602011088136,-35411.25139797976,-41730.90078487138,-26672.186422302184,-25610.246125928366,-27734.126718676
-29077.554684625065,-35401.326162960526,-41725.097641295986,-26672.186422302184,-25610.246125928366,-27734.126718676
-29069.43516675444,-35391.38028429479,-41713.32540183514,-26672.186422302184,-25610.246125928366,-27734.126718676
-29063.68879493618,-35381.154008931146,-41698.619222926114,-26672.186422302184,-25610.246125928366,-27734.126718676
-29055.641334516295,-35371.07699034094,-41686.51264616558,-26672.186422302184,-25610.246125928366,-27734.126718676
-29049.10908498029,-35360.97423404103,-41672.839383101775,-26672.186422302184,-25610.246125928366,-27734.126718676
-29049.30252671355,-35351.14046835737,-41652.97841000119,-26672.186422302184,-25610.246125928366,-27734.126718676
-29040.307695289164,-35341.22326496308,-41642.138834637,-26672.186422302184,-25610.246125928366,-27734.126718676
-29038.922773828213,-35331.117570416056,-41623.3123670039,-26672.186422302184,-25610.246125928366,-27734.126718676
-29035.283901635168,-35320.99137454445,-41606.698847453736,-26672.186422302184,-25610.246125928366,-27734.126718676
-29035.908768887944,-35310.67835020945,-41585.44793153095,-26672.186422302184,-25610.246125928366,-27734.126718676
-29025.31680059709,-35300.44552402406,-41575.574247451026,-26672.186422302184,-25610.246125928366,-27734.126718676
-29020.5649361229,-35290.19744376832,-41559.82995141373,-26672.186422302184,-25610.246125928366,-27734.126718676
-29017.489069107454,-35279.479636664066,-41541.47020422068,-26672.186422302184,-25610.246125928366,-27734.126718676
-29016.94640256641,-35268.78093544637,-41520.61546832633,-26672.186422302184,-25610.246125928366,-27734.126718676
-29010.750023454595,-35257.988193709,-41505.22636396341,-26672.186422302184,-25610.246125928366,-27734.126718676
-29000.770459933246,-35247.315371376404,-41493.860282819565,-26672.186422302184,-25610.246125928366,-27734.126718676
-29000.748052971256,-35236.67022816774,-41472.59240336423,-26672.186422302184,-25610.246125928366,-27734.126718676
-29002.32591655275,-35226.08087425697,-41449.835831961194,-26672.186422302184,-25610.246125928366,-27734.126718676
-29004.368431978848,-35215.57495538624,-41426.78147879364,-26672.186422302184,-25610.246125928366,-27734.126718676
-29001.529320616013,-35205.137168967136,-41408.74501731826,-26672.186422302184,-25610.246125928366,-27734.126718676
-28987.275686075725,-35194.81805939919,-41402.360432722664,-26672.186422302184,-25610.246125928366,-27734.126718676
-28976.043450163983,-35184.51344140707,-41392.98343265016,-26672.186422302184,-25610.246125928366,-27734.126718676
-28973.056934330107,-35174.21589132394,-41375.37484831777,-26672.186422302184,-25610.246125928366,-27734.126718676
-28958.348833666103,-35163.58715791416,-41368.82548216222,-26672.186422302184,-25610.246125928366,-27734.126718676
-28941.076929014554,-35153.003870829445,-41364.930812644336,-26672.186422302184,-25610.246125928366,-27734.126718676
-28945.740734080005,-35142.42725030772,-41339.11376653544,-26672.186422302184,-25610.246125928366,-27734.126718676
-28940.62105413337,-35132.06359986205,-41323.50614559073,-26672.186422302184,-25610.246125928366,-27734.126718676
-28927.664717163276,-35121.7012820603,-41315.737846957316,-26672.186422302184,-25610.246125928366,-27734.126718676
-28935.189418524238,-35111.55964327074,-41287.929868017236,-26672.186422302184,-25610.246125928366,-27734.126718676
-28925.07090229292,-35101.349724685795,-41277.628547078675,-26672.186422302184,-25610.246125928366,-27734.126718676
-28919.163324017336,-35091.25828330889,-41263.35324260044,-26672.186422302184,-25610.246125928366,-27734.126718676
-28916.015707859093,-35081.197839841145,-41246.3799718232,-26672.186422302184,-25610.246125928366,-27734.126718676
-28905.94261126122,-35071.19538277344,-41236.44815428566,-26672.186422302184,-25610.246125928366,-27734.126718676
-28892.634534456924,-35061.18643106823,-41229.73832767953,-26672.186422302184,-25610.246125928366,-27734.126718676
-28892.21109691318,-35051.18058687914,-41210.15007684511,-26672.186422302184,-25610.246125928366,-27734.126718676
-28893.19110652203,-35041.2305357473,-41189.26996497258,-26672.186422302184,-25610.246125928366,-27734.126718676
-28888.19371434708,-35031.24813196656,-41174.30254958604,-26672.186422302184,-25610.246125928366,-27734.126718676
-28889.871850172043,-35021.11778714651,-41152.36372412098,-26672.186422302184,-25610.246125928366,-27734.126718676
-28893.277052933507,-35011.049845341884,-41128.82263775026,-26672.186422302184,-25610.246125928366,-27734.126718676
-28894.43719795313,-35001.30833862086,-41108.179479288585,-26672.186422302184,-25610.246125928366,-27734.126718676
-28894.653213634658,-34991.5723789264,-41088.491544218145,-26672.186422302184,-25610.246125928366,-27734.126718676
-28883.42287111086,-34981.842368006655,-41080.26186490245,-26672.186422302184,-25610.246125928366,-27734.126718676
-28881.443214657273,-34972.161345189816,-41062.87947572236,-26672.186422302184,-25610.246125928366,-27734.126718676
-28873.102861339954,-34962.51452295046,-41051.92618456097,-26672.186422302184,-25610.246125928366,-27734.126718676
-28869.370317072964,-34952.776629264925,-41036.182941456886,-26672.186422302184,-25610.246125928366,-27734.126718676
-28868.205678271297,-34943.04723978316,-41017.88880129503,-26672.186422302184,-25610.246125928366,-27734.126718676
-28856.671888541816,-34933.41568752907,-41010.15948651633,-26672.186422302184,-25610.246125928366,-27734.126718676
-28846.75636057585,-34923.705467867556,-41000.654575159264,-26672.186422302184,-25610.246125928366,-27734.126718676
-28834.35167989672,-34913.98923216371,-40993.6267844307,-26672.186422302184,-25610.246125928366,-27734.126718676
-28825.29167626489,-34904.442778678946,-40983.593881093,-26672.186422302184,-25610.246125928366,-27734.126718676
-28827.635769781646,-34894.90762427314,-40962.179478764636,-26672.186422302184,-25610.246125928366,-27734.126718676
-28828.620254655463,-34885.38393632641,-40942.14761799736,-26672.186422302184,-25610.246125928366,-27734.126718676
-28823.838879149196,-34875.68572098017,-40927.53256281114,-26672.186422302184,-25610.246125928366,-27734.126718676
-28826.601148341884,-34866.04031931756,-40905.47949029323,-26672.186422302184,-25610.246125928366,-27734.126718676
-28826.578108577345,-34856.41965704776,-40886.261205518174,-26672.186422302184,-25610.246125928366,-27734.126718676
-28832.460349455494,-34846.77199128496,-40861.083633114424,-26672.186422302184,-25610.246125928366,-27734.126718676
-28832.993472512026,-34837.157887852205,-40841.322303192384,-26672.186422302184,-25610.246125928366,-27734.126718676
-28839.423847924103,-34827.56940391473,-40815.71495990535,-26672.186422302184,-25610.246125928366,-27734.126718676
-28815.161330685547,-34817.74154584502,-40820.321761004496,-26672.186422302184,-25610.246125928366,-27734.126718676
-28808.603632639817,-34807.948719585285,-40807.29380653075,-26672.186422302184,-25610.246125928366,-27734.126718676
-28814.146257915163,-34798.19905782807,-40782.25185774097,-26672.186422302184,-25610.246125928366,-27734.126718676
-28821.730940429574,-34788.50183535224,-40755.272730274904,-26672.186422302184,-25610.246125928366,-27734.126718676
-28826.071015256948,-34778.79615796931,-40731.52130068166,-26672.186422302184,-25610.246125928366,-27734.126718676
-28814.27110812599,-34769.01416317111,-40723.757218216226,-26672.186422302184,-25610.246125928366,-27734.126718676
-28819.37864513029,-34759.07310713285,-40698.76756913541,-26672.186422302184,-25610.246125928366,-27734.126718676
-28820.533186357785,-34749.147656501336,-40677.762126644884,-26672.186422302184,-25610.246125928366,-27734.126718676
-28825.684159377506,-34739.17449065304,-40652.66482192856,-26672.186422302184,-25610.246125928366,-27734.126718676
-28823.37936097382,-34729.36317153131,-40635.3469820888,-26672.186422302184,-25610.246125928366,-27734.126718676
-28819.929473175544,-34719.69233692134,-40619.45520066714,-26672.186422302184,-25610.246125928366,-27734.126718676
-28814.975068206582,-34709.99846930271,-40605.021870398836,-26672.186422302184,-25610.246125928366,-27734.126718676
-28816.050856412374,-34700.10944380915,-40584.16803120593,-26672.186422302184,-25610.246125928366,-27734.126718676
-28799.62729367968,-34690.12089690973,-40580.614500139774,-26672.186422302184,-25610.246125928366,-27734.126718676
-28803.651492031822,-34680.1242933512,-40556.59709467057,-26672.186422302184,-25610.246125928366,-27734.126718676
-28800.62741624219,-34670.23986801721,-40539.85231979223,-26672.186422302184,-25610.246125928366,-27734.126718676
-28800.23444480436,-34660.32707683018,-40520.419708856,-26672.186422302184,-25610.246125928366,-27734.126718676
-28808.442960239507,-34650.394945869724,-40492.346931499946,-26672.186422302184,-25610.246125928366,-27734.126718676
-28803.72351310065,-34640.6929580033,-40477.66240290596,-26672.186422302184,-25610.246125928366,-27734.126718676
-28792.22546351926,-34630.86548673158,-40469.5055099439,-26672.186422302184,-25610.246125928366,-27734.126718676
-28783.757993277562,-34621.165041183194,-40458.572089088826,-26672.186422302184,-25610.246125928366,-27734.126718676
-28769.665639417122,-34611.45850802924,-40453.251376641354,-26672.186422302184,-25610.246125928366,-27734.126718676
-28757.025985408112,-34601.86363468037,-40446.70128395263,-26672.186422302184,-25610.246125928366,-27734.126718676
-28755.315448710306,-34592.14427339277,-40428.97309807523,-26672.186422302184,-25610.246125928366,-27734.126718676
-28739.936896913372,-34582.1616595519,-40424.38642219043,-26672.186422302184,-25610.246125928366,-27734.126718676
-28739.460564807956,-34572.21876839607,-40404.976971984186,-26672.186422302184,-25610.246125928366,-27734.126718676
-28732.092327356724,-34562.150600903144,-40392.20887444956,-26672.186422302184,-25610.246125928366,-27734.126718676
-28720.444329745827,-34552.09203239723,-40383.739735048635,-26672.186422302184,-25610.246125928366,-27734.126718676
-28701.817091386027,-34542.246044407,-40382.674997427974,-26672.186422302184,-25610.246125928366,-27734.126718676
-28696.134801727723,-34532.54311588714,-40368.95143004657,-26672.186422302184,-25610.246125928366,-27734.126718676
-28691.903132312997,-34522.79131173829,-40353.67949116359,-26672.186422302184,-25610.246125928366,-27734.126718676
-28677.738050753902,-34513.05115966086,-40348.36426856782,-26672.186422302184,-25610.246125928366,-27734.126718676
-28655.436614158738,-34503.37023735077,-40351.3038605428,-26672.186422302184,-25610.246125928366,-27734.126718676
-28650.474369621614,-34493.89101376911,-40337.30765791661,-26672.186422302184,-25610.246125928366,-27734.126718676
-28648.04261321384,-34484.70472206261,-40321.366830911385,-26672.186422302184,-25610.246125928366,-27734.126718676
-28626.568789359917,-34475.32359611649,-40324.07840287306,-26672.186422302184,-25610.246125928366,-27734.126718676
-28633.52966181872,-34466.12624908998,-40298.722836361245,-26672.186422302184,-25610.246125928366,-27734.126718676
-28634.076630129686,-34456.99577526296,-40279.914920396244,-26672.186422302184,-25610.246125928366,-27734.126718676
-28637.552707242903,-34447.849815865804,-40258.146924488705,-26672.186422302184,-25610.246125928366,-27734.126718676
-28628.076916980055,-34438.99401509305,-40249.91111320604,-26672.186422302184,-25610.246125928366,-27734.126718676
-28620.30389483811,-34430.168854272044,-40240.03381370597,-26672.186422302184,-25610.246125928366,-27734.126718676
-28627.92635168768,-34421.27907479031,-40214.631797892944,-26672.186422302184,-25610.246125928366,-27734.126718676
-28626.7787809191,-34412.17887914322,-40197.57897736734,-26672.186422302184,-25610.246125928366,-27734.126718676
-28616.61005916983,-34403.179281003686,-40189.74850283754,-26672.186422302184,-25610.246125928366,-27734.126718676
-28600.63104534769,-34394.34359556527,-40188.056145782844,-26672.186422302184,-25610.246125928366,-27734.126718676
-28605.607953203027,-34385.54656986473,-40165.485186526435,-26672.186422302184,-25610.246125928366,-27734.126718676
-28602.52654752117,-34376.95911018666,-40151.39167285215,-26672.186422302184,-25610.246125928366,-27734.126718676
-28598.11371172907,-34368.372902741925,-40138.63209375478,-26672.186422302184,-25610.246125928366,-27734.126718676
-28602.345372956235,-34359.76073488432,-40117.17609681241,-26672.186422302184,-25610.246125928366,-27734.126718676
-28594.33099245144,-34351.40099411661,-40108.470995781776,-26672.186422302184,-25610.246125928366,-27734.126718676
-28583.75258278686,-34343.05297294456,-40102.353363102266,-26672.186422302184,-25610.246125928366,-27734.126718676
-28582.24251253701,-34334.73031796539,-40087.21812339377,-26672.186422302184,-25610.246125928366,-27734.126718676
-28570.62031298651,-34326.399175781626,-40082.17803857674,-26672.186422302184,-25610.246125928366,-27734.126718676
-28549.777216838338,-34318.13283626437,-40086.4884556904,-26672.186422302184,-25610.246125928366,-27734.126718676
-28541.96954024452,-34309.66159303245,-40077.353645820374,-26672.186422302184,-25610.246125928366,-27734.126718676
-28530.173316255983,-34301.169758594086,-40072.16620093219,-26672.186422302184,-25610.246125928366,-27734.126718676
-28522.913794120082,-34292.79187439695,-40062.66995467382,-26672.186422302184,-25610.246125928366,-27734.126718676
-28527.164767345505,-34284.27927127781,-40041.39377521011,-26672.186422302184,-25610.246125928366,-27734.126718676
-28533.41013724413,-34275.73000347873,-40018.04986971334,-26672.186422302184,-25610.246125928366,-27734.126718676
-28524.856042960088,-34267.171822658784,-40009.487602357476,-26672.186422302184,-25610.246125928366,-27734.126718676
-28524.97354018951,-34258.87355289173,-39992.773565593954,-26672.186422302184,-25610.246125928366,-27734.126718676
-28523.256518741655,-34250.640334632364,-39978.02415052307,-26672.186422302184,-25610.246125928366,-27734.126718676
-28516.20253820828,-34242.420401369374,-39968.63826453047,-26672.186422302184,-25610.246125928366,-27734.126718676
-28511.692729977178,-34234.169962761596,-39956.647195546015,-26672.186422302184,-25610.246125928366,-27734.126718676
-28518.13228453722,-34225.90310669766,-39933.6739288581,-26672.186422302184,-25610.246125928366,-27734.126718676
-28501.025336834213,-34217.598129628466,-39934.17092242272,-26672.186422302184,-25610.246125928366,-27734.126718676
-28486.334654301267,-34209.37253918264,-39932.41042406401,-26672.186422302184,-25610.246125928366,-27734.126718676
-28486.780386860173,-34200.96452108229,-39915.148655304416,-26672.186422302184,-25610.246125928366,-27734.126718676
-28476.78267089519,-34192.57046853804,-39908.35826618089,-26672.186422302184,-25610.246125928366,-27734.126718676
-28477.83422826546,-34184.273120424434,-39890.712012583404,-26672.186422302184,-25610.246125928366,-27734.126718676
-28468.714430717864,-34175.999687709605,-39883.28494470135,-26672.186422302184,-25610.246125928366,-27734.126718676
-28457.525571507336,-34167.71553128299,-39877.90549105865,-26672.186422302184,-25610.246125928366,-27734.126718676
-28448.06699027329,-34159.41970075571,-39870.772411238126,-26672.186422302184,-25610.246125928366,-27734.126718676
-28434.85921951911,-34151.278682223005,-39867.6981449269,-26672.186422302184,-25610.246125928366,-27734.126718676
-28419.059935659112,-34143.14047800858,-39867.22102035805,-26672.186422302184,-25610.246125928366,-27734.126718676
-28401.001095577656,-34134.862158866636,-39868.72322215561,-26672.186422302184,-25610.246125928366,-27734.126718676
-28395.034737941267,-34126.527093646895,-39858.01944935253,-26672.186422302184,-25610.246125928366,-27734.126718676
-28390.435369843304,-34118.127701547695,-39845.82003325209,-26672.186422302184,-25610.246125928366,-27734.126718676
-28383.78818471694,-34109.71160251963,-39835.63502032232,-26672.186422302184,-25610.246125928366,-27734.126718676
-28367.58280324933,-34101.29013680394,-39834.99747035855,-26672.186422302184,-25610.246125928366,-27734.126718676
-28360.1094207796,-34092.95360959284,-39825.797798406085,-26672.186422302184,-25610.246125928366,-27734.126718676
-28349.06698448205,-34084.73845728873,-39820.40993009541,-26672.186422302184,-25610.246125928366,-27734.126718676
-28342.896689088557,-34076.609152974575,-39810.321616860594,-26672.186422302184,-25610.246125928366,-27734.126718676
-28348.652164956176,-34068.44957548212,-39788.24698600806,-26672.186422302184,-25610.246125928366,-27734.126718676
-28349.977406709422,-34060.44771585627,-39770.91802500312,-26672.186422302184,-25610.246125928366,-27734.126718676
-28354.17165260912,-34052.48449462296,-39750.797336636795,-26672.186422302184,-25610.246125928366,-27734.126718676
-28342.000227680113,-34044.415128848625,-39746.83003001713,-26672.186422302184,-25610.246125928366,-27734.126718676
-28335.253447344672,-34036.089072646544,-39736.924697948416,-26672.186422302184,-25610.246125928366,-27734.126718676
-28312.545137698253,-34027.643283991616,-39742.74143028498,-26672.186422302184,-25610.246125928366,-27734.126718676
-28295.57987615338,-34019.39177425402,-39743.20367235466,-26672.186422302184,-25610.246125928366,-27734.126718676
-28292.728435402747,-34010.99550636975,-39729.26257733675,-26672.186422302184,-25610.246125928366,-27734.126718676
-28282.1163994424,-34002.577608131076,-39723.03881681975,-26672.186422302184,-25610.246125928366,-27734.126718676
-28272.793923109726,-33994.16093581041,-39715.527948511095,-26672.186422302184,-25610.246125928366,-27734.126718676
-28262.883773988695,-33985.454050708344,-39708.02432742799,-26672.186422302184,-25610.246125928366,-27734.126718676
-28253.428840446413,-33976.7242860606,-39700.01973167478,-26672.186422302184,-25610.246125928366,-27734.126718676
-28257.12049769046,-33968.20749029634,-39679.29448290222,-26672.186422302184,-25610.246125928366,-27734.126718676
-28260.704410314444,-33959.51156019223,-39658.318710070016,-26672.186422302184,-25610.246125928366,-27734.126718676
-28247.010573661304,-33950.81620974112,-39654.62184582093,-26672.186422302184,-25610.246125928366,-27734.126718676
-28235.994835222617,-33941.939170287835,-39647.88350535305,-26672.186422302184,-25610.246125928366,-27734.126718676
-28223.13110807563,-33932.94669299027,-39642.76227790491,-26672.186422302184,-25610.246125928366,-27734.126718676
-28232.054420283686,-33924.13805396204,-39616.22168764038,-26672.186422302184,-25610.246125928366,-27734.126718676
-28223.20160760784,-33915.50416924704,-39607.806730886245,-26672.186422302184,-25610.246125928366,-27734.126718676
-28218.84735530703,-33906.81837958868,-39594.78940387033,-26672.186422302184,-25610.246125928366,-27734.126718676
-28207.582268404833,-33898.2030266798,-39588.82378495477,-26672.186422302184,-25610.246125928366,-27734.126718676
-28206.206403710195,-33889.44293086733,-39572.67945802446,-26672.186422302184,-25610.246125928366,-27734.126718676
-28190.493094612204,-33880.458665140824,-39570.424235669445,-26672.186422302184,-25610.246125928366,-27734.126718676
-28193.21090316316,-33871.52615776863,-39549.84141237411,-26672.186422302184,-25610.246125928366,-27734.126718676
-28186.897185803453,-33862.85610096337,-39538.81501612329,-26672.186422302184,-25610.246125928366,-27734.126718676
-28179.87752862224,-33854.23669106767,-39528.59585351311,-26672.186422302184,-25610.246125928366,-27734.126718676
-28173.706653265028,-33845.66675161798,-39517.62684997093,-26672.186422302184,-25610.246125928366,-27734.126718676
-28163.029122756587,-33837.15990107783,-39511.29067939907,-26672.186422302184,-25610.246125928366,-27734.126718676
-28159.855100528493,-33828.67823533632,-39497.50137014415,-26672.186422302184,-25610.246125928366,-27734.126718676
-28136.69547774226,-33820.067041288115,-39503.438604833966,-26672.186422302184,-25610.246125928366,-27734.126718676
-28136.613995977903,-33811.41763593412,-39486.22127589034,-26672.186422302184,-25610.246125928366,-27734.126718676
-28126.66053166227,-33802.855681118584,-39479.050830574895,-26672.186422302184,-25610.246125928366,-27734.126718676
-28117.81205354927,-33794.26176866432,-39470.71148377937,-26672.186422302184,-25610.246125928366,-27734.126718676
-28120.460526521147,-33785.7076831207,-39450.95483972026,-26672.186422302184,-25610.246125928366,-27734.126718676
-28118.140882289514,-33777.154102914516,-39436.167323539514,-26672.186422302184,-25610.246125928366,-27734.126718676
-28115.01831088278,-33768.635356927945,-39422.25240297311,-26672.186422302184,-25610.246125928366,-27734.126718676
-28099.109237048833,-33760.202185154856,-39421.29513326088,-26672.186422302184,-25610.246125928366,-27734.126718676
-28099.663718889933,-33751.764365358664,-39403.865011827394,-26672.186422302184,-25610.246125928366,-27734.126718676
-28086.425227321946,-33743.41842497227,-39400.41162262259,-26672.186422302184,-25610.246125928366,-27734.126718676
-28079.777232388606,-33734.85576593754,-39389.934299486464,-26672.186422302184,-25610.246125928366,-27734.126718676
-28085.582179325516,-33726.56995707604,-39367.557734826565,-26672.186422302184,-25610.246125928366,-27734.126718676
-28077.79538100325,-33718.211947303054,-39358.62851360286,-26672.186422302184,-25610.246125928366,-27734.126718676
-28064.643334231136,-33709.84279610812,-39355.0422579851,-26672.186422302184,-25610.246125928366,-27734.126718676
-28051.674605027423,-33701.3501767922,-39351.025748556975,-26672.186422302184,-25610.246125928366,-27734.126718676
-28054.7770795898,-33692.890506323834,-39331.00393305787,-26672.186422302184,-25610.246125928366,-27734.126718676
-28029.39586550023,-33684.52510368435,-39339.65434186846,-26672.186422302184,-25610.246125928366,-27734.126718676
-28023.12989763223,-33676.137783061175,-39329.14566849012,-26672.186422302184,-25610.246125928366,-27734.126718676
-28022.462346682845,-33667.81933830326,-39313.176329923685,-26672.186422302184,-25610.246125928366,-27734.126718676
-28011.29217492333,-33659.50308034775,-39307.71398577217,-26672.186422302184,-25610.246125928366,-27734.126718676
-28004.62346685921,-33651.17443703433,-39297.72540720945,-26672.186422302184,-25610.246125928366,-27734.126718676
-27994.52887627622,-33642.79134611982,-39291.053815963416,-26672.186422302184,-25610.246125928366,-27734.126718676
-27988.714209947895,-33634.37004728261,-39280.025884617324,-26672.186422302184,-25610.246125928366,-27734.126718676
-27992.312839650538,-33625.91679394095,-39259.52074823137,-26672.186422302184,-25610.246125928366,-27734.126718676
-27978.286195899556,-33617.591569764765,-39256.896943629974,-26672.186422302184,-25610.246125928366,-27734.126718676
-27968.61023530626,-33609.41265905441,-39250.21508280256,-26672.186422302184,-25610.246125928366,-27734.126718676
-27958.60247514139,-33601.211619144466,-39243.820763147545,-26672.186422302184,-25610.246125928366,-27734.126718676
-27965.31458569499,-33593.004677851335,-39220.694770007685,-26672.186422302184,-25610.246125928366,-27734.126718676
-27956.574587004132,-33584.700171869925,-39212.825756735714,-26672.186422302184,-25610.246125928366,-27734.126718676
-27946.88917759072,-33576.155325939086,-39205.42147428745,-26672.186422302184,-25610.246125928366,-27734.126718676
-27940.79386294698,-33567.68807889142,-39194.58229483586,-26672.186422302184,-25610.246125928366,-27734.126718676
-27933.0953749768,-33559.23444217756,-39185.373509378325,-26672.186422302184,-25610.246125928366,-27734.126718676
-27909.046959821855,-33551.01637662211,-39192.98579342236,-26672.186422302184,-25610.246125928366,-27734.126718676
-27897.12586204474,-33542.71544678051,-39188.305031516276,-26672.186422302184,-25610.246125928366,-27734.126718676
-27884.94975488863,-33534.354752314335,-39183.75974974004,-26672.186422302184,-25610.246125928366,-27734.126718676
-27874.28264137281,-33525.780630566995,-39177.27861976118,-26672.186422302184,-25610.246125928366,-27734.126718676
-27877.322490485865,-33517.187016071955,-39157.051541658046,-26672.186422302184,-25610.246125928366,-27734.126718676
-27870.868496722764,-33508.75024645107,-39146.63199617938,-26672.186422302184,-25610.246125928366,-27734.126718676
-27869.20591081005,-33500.14948839879,-39131.09306598753,-26672.186422302184,-25610.246125928366,-27734.126718676
-27849.331581216684,-33491.44929874313,-39133.567016269575,-26672.186422302184,-25610.246125928366,-27734.126718676
-27834.93870923258,-33482.83136389032,-39130.72401854806,-26672.186422302184,-25610.246125928366,-27734.126718676
-27820.366756579537,-33474.160522111226,-39127.95428764291,-26672.186422302184,-25610.246125928366,-27734.126718676
-27810.59339787322,-33465.43931829497,-39120.28523871672,-26672.186422302184,-25610.246125928366,-27734.126718676
-27791.5258977004,-33456.78369021393,-39122.04148272746,-26672.186422302184,-25610.246125928366,-27734.126718676
-27794.81121908923,-33448.12220621789,-39101.43319334656,-26672.186422302184,-25610.246125928366,-27734.126718676
-27777.669656055506,-33439.40751869405,-39101.1453813326,-26672.186422302184,-25610.246125928366,-27734.126718676
-27761.705835262917,-33430.61724800467,-39099.52866074643,-26672.186422302184,-25610.246125928366,-27734.126718676
-27756.14391372719,-33421.786372352435,-39087.42883097768,-26672.186422302184,-25610.246125928366,-27734.126718676
-27765.30094097933,-33412.81038713143,-39060.31983328353,-26672.186422302184,-25610.246125928366,-27734.126718676
-27767.68387306577,-33403.54341258538,-39039.40295210499,-26672.186422302184,-25610.246125928366,-27734.126718676
-27757.284074445142,-33394.41936129545,-39031.55464814575,-26672.186422302184,-25610.246125928366,-27734.126718676
-27745.69613212703,-33385.262080372944,-39024.82802861886,-26672.186422302184,-25610.246125928366,-27734.126718676
-27733.2674076368,-33375.904317490276,-39018.541227343754,-26672.186422302184,-25610.246125928366,-27734.126718676
-27734.813584233307,-33366.33153302452,-38997.84948181573,-26672.186422302184,-25610.246125928366,-27734.126718676
-27725.165379892704,-33356.726679238025,-38988.28797858335,-26672.186422302184,-25610.246125928366,-27734.126718676
-27712.123661407066,-33346.935554942414,-38981.74744847776,-26672.186422302184,-25610.246125928366,-27734.126718676
-27714.46650551035,-33337.09468610289,-38959.72286669543,-26672.186422302184,-25610.246125928366,-27734.126718676
-27720.418864546446,-33327.300597456015,-38934.182330365584,-26672.186422302184,-25610.246125928366,-27734.126718676
-27725.331764819286,-33317.63620160626,-38909.94063839324,-26672.186422302184,-25610.246125928366,-27734.126718676
-27709.947578457577,-33308.05390250761,-38906.16022655764,-26672.186422302184,-25610.246125928366,-27734.126718676
-27690.092963306466,-33298.54056805118,-38906.9881727959,-26672.186422302184,-25610.246125928366,-27734.126718676
-27682.67988512339,-33288.91876464456,-38895.15764416572,-26672.186422302184,-25610.246125928366,-27734.126718676
-27685.82611274466,-33279.24812345015,-38872.67013415563,-26672.186422302184,-25610.246125928366,-27734.126718676
-27675.51695090603,-33269.52887689432,-38863.54080288261,-26672.186422302184,-25610.246125928366,-27734.126718676
-27677.919850860948,-33259.75984699578,-38841.599843130614,-26672.186422302184,-25610.246125928366,-27734.126718676
-27663.29613318648,-33250.04049202946,-38836.78485087244,-26672.186422302184,-25610.246125928366,-27734.126718676
-27661.036859456188,-33240.28362933539,-38819.53039921459,-26672.186422302184,-25610.246125928366,-27734.126718676
-27655.26742136485,-33230.51871484805,-38805.770008331245,-26672.186422302184,-25610.246125928366,-27734.126718676
-27647.7087321059,-33220.80621403857,-38793.90369597123,-26672.186422302184,-25610.246125928366,-27734.126718676
-27645.846355362817,-33211.21188423679,-38776.57741311077,-26672.186422302184,-25610.246125928366,-27734.126718676
-27637.18661983445,-33201.732510696216,-38766.27840155798,-26672.186422302184,-25610.246125928366,-27734.126718676
-27632.16533386788,-33192.330295034415,-38752.49525620095,-26672.186422302184,-25610.246125928366,-27734.126718676
-27628.286819268636,-33182.88593298978,-38737.48504671093,-26672.186422302184,-25610.246125928366,-27734.126718676
-27616.787007746607,-33173.59065400009,-38730.39430025357,-26672.186422302184,-25610.246125928366,-27734.126718676
-27615.379661020197,-33164.37858979156,-38713.37751856292,-26672.186422302184,-25610.246125928366,-27734.126718676
-27612.853945282324,-33155.200963461764,-38697.547981641204,-26672.186422302184,-25610.246125928366,-27734.126718676
-27614.47548551425,-33146.32061021534,-38678.16573491643,-26672.186422302184,-25610.246125928366,-27734.126718676
-27608.059587423177,-33137.46585125292,-38666.87211508266,-26672.186422302184,-25610.246125928366,-27734.126718676
-27614.25294892249,-33128.60275675958,-38642.95256459667,-26672.186422302184,-25610.246125928366,-27734.126718676
-27604.58259432781,-33119.84504529119,-38635.107496254575,-26672.186422302184,-25610.246125928366,-27734.126718676
-27589.869284868684,-33111.12519322606,-38632.38110158343,-26672.186422302184,-25610.246125928366,-27734.126718676
-27580.369682475117,-33102.60507579708,-38624.840469119044,-26672.186422302184,-25610.246125928366,-27734.126718676
-27579.144300161664,-33094.18806595118,-38609.2318317407,-26672.186422302184,-25610.246125928366,-27734.126718676
-27564.93407911294,-33085.845973370604,-38606.757867628265,-26672.186422302184,-25610.246125928366,-27734.126718676
-27565.675534663624,-33077.41646517638,-38589.15739568913,-26672.186422302184,-25610.246125928366,-27734.126718676
-27555.10070253879,-33068.982378352186,-38582.86405416558,-26672.186422302184,-25610.246125928366,-27734.126718676
-27541.293522702235,-33060.53464247361,-38579.77576224499,-26672.186422302184,-25610.246125928366,-27734.126718676
-27532.690086478553,-33052.279420537416,-38571.868754596275,-26672.186422302184,-25610.246125928366,-27734.126718676
-27529.780093316032,-33044.15511019682,-38558.53012707761,-26672.186422302184,-25610.246125928366,-27734.126718676
-27524.54675153857,-33035.88380565197,-38547.220859765366,-26672.186422302184,-25610.246125928366,-27734.126718676
-27515.556588521067,-33027.441269044975,-38539.32594956888,-26672.186422302184,-25610.246125928366,-27734.126718676
-27519.46952943352,-33019.01369663626,-38518.557863839,-26672.186422302184,-25610.246125928366,-27734.126718676
-27512.843120343892,-33010.5872773877,-38508.3314344315,-26672.186422302184,-25610.246125928366,-27734.126718676
-27515.92517803138,-33002.2366140112,-38488.54804999102,-26672.186422302184,-25610.246125928366,-27734.126718676
-27511.641776052347,-32993.88243515735,-38476.12309426235,-26672.186422302184,-25610.246125928366,-27734.126718676
-27522.923231165565,-32985.39125777511,-38447.859284384656,-26672.186422302184,-25610.246125928366,-27734.126718676
-27513.550440605675,-32976.97084762813,-38440.39125465058,-26672.186422302184,-25610.246125928366,-27734.126718676
-27500.833315559223,-32968.45589459695,-38436.078473634676,-26672.186422302184,-25610.246125928366,-27734.126718676
-27504.39139634304,-32959.97773353851,-38415.56407073398,-26672.186422302184,-25610.246125928366,-27734.126718676
-27497.18914270561,-32951.067156469304,-38404.945170233,-26672.186422302184,-25610.246125928366,-27734.126718676
-27493.667247195437,-32942.09885295674,-38390.53045871804,-26672.186422302184,-25610.246125928366,-27734.126718676
-27476.74534637385,-32933.330618319174,-38389.9158902645,-26672.186422302184,-25610.246125928366,-27734.126718676
-27486.55333435124,-32924.71587876497,-38362.8784231787,-26672.186422302184,-25610.246125928366,-27734.126718676
-27478.73670964021,-32916.14436328267,-38353.55201692513,-26672.186422302184,-25610.246125928366,-27734.126718676
-27486.941153666554,-32907.60315401199,-38328.26515435742,-26672.186422302184,-25610.246125928366,-27734.126718676
-27490.18917945374,-32899.23394428299,-38308.278709112245,-26672.186422302184,-25610.246125928366,-27734.126718676
-27478.23173012299,-32890.714869868345,-38303.198009613705,-26672.186422302184,-25610.246125928366,-27734.126718676
-27478.63549174602,-32882.17109548619,-38285.706699226364,-26672.186422302184,-25610.246125928366,-27734.126718676
-27465.07235698717,-32873.53366137011,-38281.994965753045,-26672.186422302184,-25610.246125928366,-27734.126718676
-27476.435863411385,-32864.780375506634,-38253.12488760189,-26672.186422302184,-25610.246125928366,-27734.126718676
-27470.470778143695,-32855.978009529485,-38241.48524091527,-26672.186422302184,-25610.246125928366,-27734.126718676
-27479.369045519394,-32847.22512009778,-38215.08119467616,-26672.186422302184,-25610.246125928366,-27734.126718676
-27465.423952013298,-32838.51510151602,-38211.60625101875,-26672.186422302184,-25610.246125928366,-27734.126718676
-27468.90899442086,-32829.82895093378,-38190.748907446694,-26672.186422302184,-25610.246125928366,-27734.126718676
-27462.083665748592,-32820.799389330095,-38179.5151129116,-26672.186422302184,-25610.246125928366,-27734.126718676
-27455.908937111762,-32811.80205295499,-38167.69516879822,-26672.186422302184,-25610.246125928366,-27734.126718676
-27439.198920752933,-32802.90099715665,-38166.60307356036,-26672.186422302184,-25610.246125928366,-27734.126718676
-27428.220574317533,-32793.87202384236,-38159.52347336719,-26672.186422302184,-25610.246125928366,-27734.126718676
-27419.0727436395,-32784.6550486249,-38150.237353610304,-26672.186422302184,-25610.246125928366,-27734.126718676
-27407.65374989755,-32775.252620848034,-38142.851491798516,-26672.186422302184,-25610.246125928366,-27734.126718676
-27401.60586903989,-32765.89302894134,-38130.18018884279,-26672.186422302184,-25610.246125928366,-27734.126718676
-27409.446428137457,-32756.57863806722,-38103.71084799699,-26672.186422302184,-25610.246125928366,-27734.126718676
-27408.835045009142,-32747.246251615405,-38085.65745822167,-26672.186422302184,-25610.246125928366,-27734.126718676
-27402.510943925136,-32737.8868555421,-38073.26276715906,-26672.186422302184,-25610.246125928366,-27734.126718676
-27390.006982644216,-32728.72887292166,-38067.4507631991,-26672.186422302184,-25610.246125928366,-27734.126718676
-27387.056327098926,-32719.506419227306,-38051.95651135569,-26672.186422302184,-25610.246125928366,-27734.126718676
-27370.90896470325,-32710.197690972833,-38049.48641724242,-26672.186422302184,-25610.246125928366,-27734.126718676
-27382.16116519264,-32700.889303913962,-38019.61744263528,-26672.186422302184,-25610.246125928366,-27734.126718676
-27387.412746300462,-32691.426279707248,-37995.43981311403,-26672.186422302184,-25610.246125928366,-27734.126718676
-27378.9331528219,-32682.1229732433,-37985.3127936647,-26672.186422302184,-25610.246125928366,-27734.126718676
-27382.244834892477,-32672.976305039672,-37963.707775186864,-26672.186422302184,-25610.246125928366,-27734.126718676
-27383.633156324307,-32663.825408658526,-37944.017660992744,-26672.186422302184,-25610.246125928366,-27734.126718676
-27382.34362716088,-32654.71641361455,-37927.08920006822,-26672.186422302184,-25610.246125928366,-27734.126718676
-27364.038871668345,-32645.558550867074,-37927.0782300658,-26672.186422302184,-25610.246125928366,-27734.126718676
-27374.831334463983,-32636.313341434176,-37897.79534840437,-26672.186422302184,-25610.246125928366,-27734.126718676
-27372.785691695033,-32626.881491523007,-37880.97729135098,-26672.186422302184,-25610.246125928366,-27734.126718676
-27379.10055126222,-32617.558206680096,-37856.01586209797,-26672.186422302184,-25610.246125928366,-27734.126718676
-27385.24966866119,-32608.290587635664,-37831.33150661014,-26672.186422302184,-25610.246125928366,-27734.126718676
-27394.990616510313,-32599.000820934085,-37803.01102535785,-26672.186422302184,-25610.246125928366,-27734.126718676
-27390.183871997164,-32589.735195336383,-37789.2865186756,-26672.186422302184,-25610.246125928366,-27734.126718676
-27398.056291690038,-32580.393316110003,-37762.73034052997,-26672.186422302184,-25610.246125928366,-27734.126718676
-27405.86488642099,-32571.1618426444,-37736.45879886781,-26672.186422302184,-25610.246125928366,-27734.126718676
-27389.293518370763,-32561.98028055502,-37734.66704273928,-26672.186422302184,-25610.246125928366,-27734.126718676
-27382.79196609337,-32552.908425774902,-37723.024885456434,-26672.186422302184,-25610.246125928366,-27734.126718676
-27376.52022142111,-32544.106001819535,-37711.69178221796,-26672.186422302184,-25610.246125928366,-27734.126718676
-27377.250175636527,-32535.30829201195,-37693.36640838737,-26672.186422302184,-25610.246125928366,-27734.126718676
-27386.37416836353,-32526.449394528507,-37666.52462069348,-26672.186422302184,-25610.246125928366,-27734.126718676
-27382.309624701604,-32517.824413883573,-37653.33920306554,-26672.186422302184,-25610.246125928366,-27734.126718676
-27377.727994260415,-32509.367946174585,-37641.007898088756,-26672.186422302184,-25610.246125928366,-27734.126718676
-27362.849251621916,-32500.862166824587,-37638.875082027254,-26672.186422302184,-25610.246125928366,-27734.126718676
-27364.66609022345,-32492.511565268687,-37620.357040313924,-26672.186422302184,-25610.246125928366,-27734.126718676
-27363.242630236597,-32484.179389173187,-37605.11614810978,-26672.186422302184,-25610.246125928366,-27734.126718676
-27355.30847393563,-32475.876768179893,-37596.44506242416,-26672.186422302184,-25610.246125928366,-27734.126718676
-27345.661035101635,-32467.571495151627,-37589.48195520162,-26672.186422302184,-25610.246125928366,-27734.126718676
-27354.88285194683,-32459.083095072587,-37563.283338198344,-26672.186422302184,-25610.246125928366,-27734.126718676
-27354.374558072195,-32450.63443575303,-37546.89431343386,-26672.186422302184,-25610.246125928366,-27734.126718676
-27352.675566323633,-32442.254067561607,-37531.83256879958,-26672.186422302184,-25610.246125928366,-27734.126718676
-27344.74411218541,-32433.76636952602,-37522.788626866626,-26672.186422302184,-25610.246125928366,-27734.126718676
-27333.00873539163,-32425.220908372627,-37517.43308135362,-26672.186422302184,-25610.246125928366,-27734.126718676
-27324.537604187495,-32416.701621812113,-37508.86563943673,-26672.186422302184,-25610.246125928366,-27734.126718676
-27322.83865448428,-32408.165447646104,-37493.49224080793,-26672.186422302184,-25610.246125928366,-27734.126718676
-27310.477099548152,-32399.61781532844,-37488.75853110873,-26672.186422302184,-25610.246125928366,-27734.126718676
-27304.096889795906,-32391.064227330648,-37478.03156486539,-26672.186422302184,-25610.246125928366,-27734.126718676
-27297.90795921607,-32382.18828933994,-37466.46861946381,-26672.186422302184,-25610.246125928366,-27734.126718676
-27292.36761866227,-32373.258864594743,-37454.15011052722,-26672.186422302184,-25610.246125928366,-27734.126718676
-27291.480573235734,-32364.449393200408,-37437.41821316508,-26672.186422302184,-25610.246125928366,-27734.126718676
-27298.393071873903,-32355.52251949864,-37412.651967123384,-26672.186422302184,-25610.246125928366,-27734.126718676
-27300.41380552741,-32346.537644325086,-37392.66148312276,-26672.186422302184,-25610.246125928366,-27734.126718676
-27299.995421572465,-32337.453845262728,-37374.91226895299,-26672.186422302184,-25610.246125928366,-27734.126718676
-27299.814942339948,-32328.344441970967,-37356.87394160199,-26672.186422302184,-25610.246125928366,-27734.126718676
-27279.51842906383,-32319.2532224614,-37358.988015858966,-26672.186422302184,-25610.246125928366,-27734.126718676
-27274.084198321885,-32310.04770678381,-37346.01121524574,-26672.186422302184,-25610.246125928366,-27734.126718676
-27264.7667996731,-32300.780497123975,-37336.79419457485,-26672.186422302184,-25610.246125928366,-27734.126718676
-27250.337597140027,-32291.535354346503,-37332.73311155298,-26672.186422302184,-25610.246125928366,-27734.126718676
-27242.261432068084,-32282.247241343935,-37322.23305061979,-26672.186422302184,-25610.246125928366,-27734.126718676
-27241.720504715253,-32272.699285175055,-37303.67806563486,-26672.186422302184,-25610.246125928366,-27734.126718676
-27234.567910692218,-32263.186660265386,-37291.805409838555,-26672.186422302184,-25610.246125928366,-27734.126718676
-27228.345585714385,-32253.757447481443,-37279.1693092485,-26672.186422302184,-25610.246125928366,-27734.126718676
-27224.71853251382,-32244.30029537883,-37263.88205824384,-26672.186422302184,-25610.246125928366,-27734.126718676
-27222.336982659497,-32234.86180616712,-37247.386629674744,-26672.186422302184,-25610.246125928366,-27734.126718676
-27208.95078333313,-32225.444118141164,-37241.9374529492,-26672.186422302184,-25610.246125928366,-27734.126718676
-27217.458919013963,-32215.78343253101,-37214.10794604806,-26672.186422302184,-25610.246125928366,-27734.126718676
-27215.968975358395,-32206.089127329033,-37196.20927929967,-26672.186422302184,-25610.246125928366,-27734.126718676
-27221.894546952644,-32196.38845683388,-37170.882366715115,-26672.186422302184,-25610.246125928366,-27734.126718676
-27204.133935192844,-32186.830375398327,-37169.52681560381,-26672.186422302184,-25610.246125928366,-27734.126718676
-27196.385348415675,-32177.41519136467,-37158.44503431366,-26672.186422302184,-25610.246125928366,-27734.126718676
-27195.686884224287,-32168.11277549025,-37140.53866675622,-26672.186422302184,-25610.246125928366,-27734.126718676
-27184.445114720602,-32158.815974077665,-37133.186833434724,-26672.186422302184,-25610.246125928366,-27734.126718676
-27183.035565082173,-32149.440724573647,-37115.84588406512,-26672.186422302184,-25610.246125928366,-27734.126718676
-27176.917814240674,-32140.061324843282,-37103.20483544589,-26672.186422302184,-25610.246125928366,-27734.126718676
-27168.78094728345,-32130.967160239106,-37093.153373194764,-26672.186422302184,-25610.246125928366,-27734.126718676
-27147.68957683453,-32121.875904009034,-37096.06223118354,-26672.186422302184,-25610.246125928366,-27734.126718676
-27146.170777390565,-32112.7766361454,-37079.38249490024,-26672.186422302184,-25610.246125928366,-27734.126718676
-27140.82827191802,-32103.640276474176,-37066.45228103033,-26672.186422302184,-25610.246125928366,-27734.126718676
-27133.568713714783,-32094.88384021829,-37056.19896672179,-26672.186422302184,-25610.246125928366,-27734.126718676
-27126.413747174654,-32086.22264019382,-37046.03153321298,-26672.186422302184,-25610.246125928366,-27734.126718676
-27133.09626366466,-32077.513892905085,-37021.93152214551,-26672.186422302184,-25610.246125928366,-27734.126718676
-27125.944407280127,-32068.82608869834,-37011.707770116554,-26672.186422302184,-25610.246125928366,-27734.126718676
-27116.467515077908,-32060.05558069683,-37003.64364631575,-26672.186422302184,-25610.246125928366,-27734.126718676
-27116.945143273522,-32051.13415496627,-36985.323166659015,-26672.186422302184,-25610.246125928366,-27734.126718676
-27115.2437243736,-32041.97436215897,-36968.70499994434,-26672.186422302184,-25610.246125928366,-27734.126718676
-27113.437102500782,-32033.008147216155,-36952.57919193153,-26672.186422302184,-25610.246125928366,-27734.126718676
-27099.002847715765,-32024.02652530544,-36949.050202895116,-26672.186422302184,-25610.246125928366,-27734.126718676
-27106.42582664154,-32015.209516664894,-36923.99320668825,-26672.186422302184,-25610.246125928366,-27734.126718676
-27097.885957770974,-32006.61868006701,-36915.35140236305,-26672.186422302184,-25610.246125928366,-27734.126718676
-27089.286047283615,-31997.898805879853,-36906.511564476095,-26672.186422302184,-25610.246125928366,-27734.126718676
-27086.340149765274,-31989.094011824298,-36891.84787388332,-26672.186422302184,-25610.246125928366,-27734.126718676
-27080.949709689645,-31980.129317100018,-36879.30892451039,-26672.186422302184,-25610.246125928366,-27734.126718676
-27069.83259351655,-31971.287953699433,-36872.74331388232,-26672.186422302184,-25610.246125928366,-27734.126718676
-27062.396485226105,-31962.7417821019,-36863.0870789777,-26672.186422302184,-25610.246125928366,-27734.126718676
-27065.86256062604,-31954.200794710858,-36842.539028795676,-26672.186422302184,-25610.246125928366,-27734.126718676
-27070.12999881191,-31945.461573195073,-36820.79314757823,-26672.186422302184,-25610.246125928366,-27734.126718676
-27070.791545851698,-31936.7902688029,-36802.7889917541,-26672.186422302184,-25610.246125928366,-27734.126718676
-27064.039240236223,-31928.27982360146,-36792.520406966694,-26672.186422302184,-25610.246125928366,-27734.126718676
-27066.77234058113,-31919.964357235393,-36773.15637388965,-26672.186422302184,-25610.246125928366,-27734.126718676
-27052.442165076478,-31911.418030008677,-36770.39389494088,-26672.186422302184,-25610.246125928366,-27734.126718676
-27045.870874509776,-31902.855482434104,-36759.84009035843,-26672.186422302184,-25610.246125928366,-27734.126718676
-27028.639113176083,-31894.170518651583,-36759.70192412708,-26672.186422302184,-25610.246125928366,-27734.126718676
-27027.15672545118,-31885.60225942389,-36744.0477933966,-26672.186422302184,-25610.246125928366,-27734.126718676
-27029.28592326081,-31876.885502580233,-36724.48508189966,-26672.186422302184,-25610.246125928366,-27734.126718676
-27028.46542260752,-31868.190933447906,-36707.91644428829,-26672.186422302184,-25610.246125928366,-27734.126718676
-27034.27846555432,-31859.628403917337,-36684.97834228036,-26672.186422302184,-25610.246125928366,-27734.126718676
-27023.08926791622,-31851.062286139728,-36679.035304363235,-26672.186422302184,-25610.246125928366,-27734.126718676
-27007.105064359635,-31842.40463728662,-36677.704210213604,-26672.186422302184,-25610.246125928366,-27734.126718676
-27008.242108658014,-31833.73061820388,-36659.21912774975,-26672.186422302184,-25610.246125928366,-27734.126718676
-27012.352323838022,-31824.837810375444,-36637.323296912866,-26672.186422302184,-25610.246125928366,-27734.126718676
-27001.71435417203,-31815.992974973353,-36630.27159577468,-26672.186422302184,-25610.246125928366,-27734.126718676
-26991.46373062718,-31807.067949119002,-36622.67216761082,-26672.186422302184,-25610.246125928366,-27734.126718676
-27001.007691051138,-31798.35025752652,-36595.692824001904,-26672.186422302184,-25610.246125928366,-27734.126718676
-26997.303147590173,-31789.840863374506,-36582.37857915884,-26672.186422302184,-25610.246125928366,-27734.126718676
-26987.53211047339,-31781.588408721535,-36575.64470696968,-26672.186422302184,-25610.246125928366,-27734.126718676
-26978.94934423073,-31773.3600163192,-36567.77068840767,-26672.186422302184,-25610.246125928366,-27734.126718676
-26972.245229162803,-31765.13396259193,-36558.022696021064,-26672.186422302184,-25610.246125928366,-27734.126718676
-26957.321609734605,-31756.832906988497,-36556.344204242385,-26672.186422302184,-25610.246125928366,-27734.126718676
-26949.39295729954,-31748.51719044698,-36547.64142359442,-26672.186422302184,-25610.246125928366,-27734.126718676
-26941.939181795868,-31740.3312746178,-36538.723367439736,-26672.186422302184,-25610.246125928366,-27734.126718676
-26932.99983881873,-31732.0718547178,-36531.14387061687,-26672.186422302184,-25610.246125928366,-27734.126718676
-26936.591173858185,-31723.76145271315,-36510.93173156812,-26672.186422302184,-25610.246125928366,-27734.126718676
-26932.041815763525,-31715.510446636403,-36498.979077509284,-26672.186422302184,-25610.246125928366,-27734.126718676
-26933.218582151014,-31707.27861032969,-36481.338638508365,-26672.186422302184,-25610.246125928366,-27734.126718676
-26911.14302607689,-31699.091483416734,-36487.03994075658,-26672.186422302184,-25610.246125928366,-27734.126718676
-26901.183345375197,-31691.033249629254,-36480.88315388331,-26672.186422302184,-25610.246125928366,-27734.126718676
-26899.707451434115,-31682.93954896809,-36466.171646502065,-26672.186422302184,-25610.246125928366,-27734.126718676
-26898.905730130627,-31674.804727597362,-36450.7037250641,-26672.186422302184,-25610.246125928366,-27734.126718676
-26907.343196478694,-31666.721076144917,-36426.09895581114,-26672.186422302184,-25610.246125928366,-27734.126718676
-26907.559830275266,-31658.50456987056,-36409.44930946586,-26672.186422302184,-25610.246125928366,-27734.126718676
-26885.132094836634,-31650.30058570383,-36415.469076571026,-26672.186422302184,-25610.246125928366,-27734.126718676
-26879.919995731252,-31642.157470028833,-36404.394944326414,-26672.186422302184,-25610.246125928366,-27734.126718676
-26877.34351513429,-31634.05826510669,-36390.77301507909,-26672.186422302184,-25610.246125928366,-27734.126718676
-26864.499090828856,-31626.02257617249,-36387.54606151613,-26672.186422302184,-25610.246125928366,-27734.126718676
-26862.96067173588,-31617.8385877899,-36372.71650384392,-26672.186422302184,-25610.246125928366,-27734.126718676
-26860.31020544606,-31609.667287081644,-36359.024368717226,-26672.186422302184,-25610.246125928366,-27734.126718676
-26855.17176630572,-31601.34452263137,-36347.51727895702,-26672.186422302184,-25610.246125928366,-27734.126718676
-26860.21492288184,-31593.159534126153,-36326.10414537046,-26672.186422302184,-25610.246125928366,-27734.126718676
-26854.349398816557,-31584.975274363336,-36315.601149910115,-26672.186422302184,-25610.246125928366,-27734.126718676
-26853.94872889774,-31576.739450725916,-36299.53017255409,-26672.186422302184,-25610.246125928366,-27734.126718676
-26851.488704692067,-31568.566740698094,-36285.644776704125,-26672.186422302184,-25610.246125928366,-27734.126718676
-26838.994652393747,-31560.437503958863,-36281.88035552398,-26672.186422302184,-25610.246125928366,-27734.126718676
-26827.324069989416,-31552.38421266069,-36277.444355331965,-26672.186422302184,-25610.246125928366,-27734.126718676
-26822.44866621758,-31544.21694953425,-36265.985232850915,-26672.186422302184,-25610.246125928366,-27734.126718676
-26813.094980185524,-31536.07557620869,-36259.05617223185,-26672.186422302184,-25610.246125928366,-27734.126718676
-26802.747828399286,-31528.027668620172,-36253.307508841055,-26672.186422302184,-25610.246125928366,-27734.126718676
-26795.191778824348,-31520.08176298689,-36244.97174714944,-26672.186422302184,-25610.246125928366,-27734.126718676
-26787.403308661407,-31512.119525834376,-36236.835743007345,-26672.186422302184,-25610.246125928366,-27734.126718676
-26780.646050952324,-31504.11695490106,-36227.587858849794,-26672.186422302184,-25610.246125928366,-27734.126718676
-26788.48331758793,-31495.743117777656,-36203.00291796739,-26672.186422302184,-25610.246125928366,-27734.126718676
-26780.699518361085,-31487.48968024614,-36194.279842131196,-26672.186422302184,-25610.246125928366,-27734.126718676
-26781.83704720933,-31479.012241539767,-36176.187435870204,-26672.186422302184,-25610.246125928366,-27734.126718676
-26772.642140630054,-31470.524607662086,-36168.407074694114,-26672.186422302184,-25610.246125928366,-27734.126718676
-26767.558111291677,-31462.105710256008,-36156.65330922034,-26672.186422302184,-25610.246125928366,-27734.126718676
-26772.202649936844,-31453.88259997671,-36135.56255001658,-26672.186422302184,-25610.246125928366,-27734.126718676
-26774.39181148599,-31445.57894589688,-36116.76608030777,-26672.186422302184,-25610.246125928366,-27734.126718676
-26767.896307003506,-31437.092756637303,-36106.2892062711,-26672.186422302184,-25610.246125928366,-27734.126718676
-26758.129131212358,-31428.612883834983,-36099.09663645761,-26672.186422302184,-25610.246125928366,-27734.126718676
-26744.983379019017,-31420.201892911537,-36095.420406804056,-26672.186422302184,-25610.246125928366,-27734.126718676
-26751.450289014247,-31411.839584173944,-36072.22887933364,-26672.186422302184,-25610.246125928366,-27734.126718676
-26735.53823822258,-31403.698496109795,-36071.85875399701,-26672.186422302184,-25610.246125928366,-27734.126718676
-26730.017594236095,-31395.522708253848,-36061.0278222716,-26672.186422302184,-25610.246125928366,-27734.126718676
-26725.11306449822,-31387.460285990885,-36049.80750748355,-26672.186422302184,-25610.246125928366,-27734.126718676
-26730.687261435247,-31379.369671652294,-36028.05208186934,-26672.186422302184,-25610.246125928366,-27734.126718676
-26728.12583711517,-31370.832227554387,-36013.5386179936,-26672.186422302184,-25610.246125928366,-27734.126718676
-26717.46420295303,-31362.25785524134,-36007.05150752965,-26672.186422302184,-25610.246125928366,-27734.126718676
-26714.5936084107,-31353.638263056848,-35992.682917702994,-26672.186422302184,-25610.246125928366,-27734.126718676
-26707.434958619495,-31344.867395537975,-35982.299832456454,-26672.186422302184,-25610.246125928366,-27734.126718676
-26701.24341918162,-31336.100089318876,-35970.95675945613,-26672.186422302184,-25610.246125928366,-27734.126718676
-26689.1208417581,-31327.327887670646,-35965.53493358319,-26672.186422302184,-25610.246125928366,-27734.126718676
-26695.300481235467,-31318.492895397438,-35941.685309559405,-26672.186422302184,-25610.246125928366,-27734.126718676
-26697.14466210408,-31309.726202655616,-35922.30774320715,-26672.186422302184,-25610.246125928366,-27734.126718676
-26688.28243322562,-31300.913160557808,-35913.543887889995,-26672.186422302184,-25610.246125928366,-27734.126718676
-26687.37442003434,-31292.06718297857,-35896.75994592281,-26672.186422302184,-25610.246125928366,-27734.126718676
-26680.756675668774,-31283.17253939981,-35885.588403130845,-26672.186422302184,-25610.246125928366,-27734.126718676
-26678.96503403675,-31274.22328180519,-35869.481529573626,-26672.186422302184,-25610.246125928366,-27734.126718676
-26675.942303616837,-31265.293185732065,-35854.64406784729,-26672.186422302184,-25610.246125928366,-27734.126718676
-26673.352598137455,-31256.227713881533,-35839.10282962561,-26672.186422302184,-25610.246125928366,-27734.126718676
-26660.498120989883,-31247.311424538042,-35834.1247280862,-26672.186422302184,-25610.246125928366,-27734.126718676
-26647.419048590975,-31238.51599097284,-35829.6129333547,-26672.186422302184,-25610.246125928366,-27734.126718676
-26642.241138935577,-31229.612322606194,-35816.98350627681,-26672.186422302184,-25610.246125928366,-27734.126718676
-26639.99332902794,-31220.741119420294,-35801.488909812644,-26672.186422302184,-25610.246125928366,-27734.126718676
-26631.523112324085,-31211.398822873572,-35791.27453342306,-26672.186422302184,-25610.246125928366,-27734.126718676
-26618.20354786922,-31202.054462229506,-35785.90537658979,-26672.186422302184,-25610.246125928366,-27734.126718676
-26618.18358267809,-31192.672542325363,-35767.16150197263,-26672.186422302184,-25610.246125928366,-27734.126718676
-26599.14110187943,-31183.303293840567,-35767.4654858017,-26672.186422302184,-25610.246125928366,-27734.126718676
-26603.178065258886,-31174.061692922663,-35744.94532058644,-26672.186422302184,-25610.246125928366,-27734.126718676
-26593.861696882614,-31164.748277437106,-35735.634857991594,-26672.186422302184,-25610.246125928366,-27734.126718676
-26590.964318780272,-31155.486051979147,-35720.00778517802,-26672.186422302184,-25610.246125928366,-27734.126718676
-26584.38389975945,-31146.11818726278,-35707.85247476611,-26672.186422302184,-25610.246125928366,-27734.126718676
-26576.740117469024,-31136.97895150413,-35697.21778553924,-26672.186422302184,-25610.246125928366,-27734.126718676
-26569.495269308296,-31127.88741470361,-35686.27956009893,-26672.186422302184,-25610.246125928366,-27734.126718676
-26562.14821825415,-31118.808293749164,-35675.468369244176,-26672.186422302184,-25610.246125928366,-27734.126718676
-26556.635825729503,-31109.769766688336,-35662.903707647165,-26672.186422302184,-25610.246125928366,-27734.126718676
-26558.241801961103,-31100.921305330045,-35643.60080869898,-26672.186422302184,-25610.246125928366,-27734.126718676
-26545.329005795367,-31092.04784024773,-35638.7666747001,-26672.186422302184,-25610.246125928366,-27734.126718676
-26546.17298211996,-31083.149534476663,-35620.12608683336,-26672.186422302184,-25610.246125928366,-27734.126718676
-26535.58832982433,-31074.219961018647,-35612.85159221296,-26672.186422302184,-25610.246125928366,-27734.126718676
-26526.12164939157,-31065.476523970196,-35604.83139854882,-26672.186422302184,-25610.246125928366,-27734.126718676
-26514.44591043923,-31056.749075667074,-35599.05224089492,-26672.186422302184,-25610.246125928366,-27734.126718676
-26503.38562770747,-31048.03184509555,-35592.678062483625,-26672.186422302184,-25610.246125928366,-27734.126718676
-26498.22127985668,-31039.297679177922,-35580.37407849916,-26672.186422302184,-25610.246125928366,-27734.126718676
-26498.540331340715,-31030.860979112065,-35563.181626883415,-26672.186422302184,-25610.246125928366,-27734.126718676
-26495.080573741896,-31022.32943451986,-35549.57829529782,-26672.186422302184,-25610.246125928366,-27734.126718676
-26476.928930324808,-31014.019470334602,-35551.1100103444,-26672.186422302184,-25610.246125928366,-27734.126718676
-26478.49977062353,-31005.69636567082,-35532.89296071811,-26672.186422302184,-25610.246125928366,-27734.126718676
-26471.63079499328,-30997.296730873564,-35522.96266675385,-26672.186422302184,-25610.246125928366,-27734.126718676
-26461.069764697102,-30988.65148911283,-35516.23321352856,-26672.186422302184,-25610.246125928366,-27734.126718676
-26448.377646460387,-30979.997705000576,-35511.617763540766,-26672.186422302184,-25610.246125928366,-27734.126718676
-26450.245336222193,-30971.06148341298,-35491.87763060377,-26672.186422302184,-25610.246125928366,-27734.126718676
-26446.734155964812,-30962.119078774387,-35477.50400158396,-26672.186422302184,-25610.246125928366,-27734.126718676
-26441.193987241888,-30953.081447863577,-35464.968908485265,-26672.186422302184,-25610.246125928366,-27734.126718676
-26447.27670814927,-30944.164557881722,-35441.052407614174,-26672.186422302184,-25610.246125928366,-27734.126718676
-26439.4689158201,-30935.092711621197,-35430.716507422294,-26672.186422302184,-25610.246125928366,-27734.126718676
-26435.926528260792,-30925.973872061244,-35416.02121586169,-26672.186422302184,-25610.246125928366,-27734.126718676
-26428.64560235885,-30916.69706839124,-35404.748534423634,-26672.186422302184,-25610.246125928366,-27734.126718676
-26413.975524423382,-30907.440609736823,-35400.90569505026,-26672.186422302184,-25610.246125928366,-27734.126718676
-26397.1316120487,-30898.188149714235,-35399.244687379774,-26672.186422302184,-25610.246125928366,-27734.126718676
-26385.766487957717,-30888.79544438109,-35391.82440080446,-26672.186422302184,-25610.246125928366,-27734.126718676
-26391.163690329937,-30879.37450567558,-35367.58532102122,-26672.186422302184,-25610.246125928366,-27734.126718676
-26389.14391237416,-30869.95473105973,-35350.7655497453,-26672.186422302184,-25610.246125928366,-27734.126718676
-26380.91279016048,-30860.569051337163,-35340.225312513845,-26672.186422302184,-25610.246125928366,-27734.126718676
-26368.269153919424,-30851.197431671782,-35334.12570942414,-26672.186422302184,-25610.246125928366,-27734.126718676
-26361.53769898621,-30841.86728892685,-35322.196878867486,-26672.186422302184,-25610.246125928366,-27734.126718676
-26353.765001074073,-30832.50001524835,-35311.235029422634,-26672.186422302184,-25610.246125928366,-27734.126718676
-26358.700684881525,-30823.03460172094,-35287.36851856035,-26672.186422302184,-25610.246125928366,-27734.126718676
-26341.510469262095,-30813.47332106506,-35285.43617286802,-26672.186422302184,-25610.246125928366,-27734.126718676
-26338.97474527379,-30803.918016586027,-35268.86128789827,-26672.186422302184,-25610.246125928366,-27734.126718676
-26332.329667001653,-30794.44040256862,-35256.55113813559,-26672.186422302184,-25610.246125928366,-27734.126718676
-26329.38902457665,-30785.034073564515,-35240.679122552385,-26672.186422302184,-25610.246125928366,-27734.126718676
-26321.258982992433,-30775.567074366027,-35229.87516573962,-26672.186422302184,-25610.246125928366,-27734.126718676
-26313.670401804644,-30766.414704153045,-35219.159006501446,-26672.186422302184,-25610.246125928366,-27734.126718676
-26307.483387452718,-30757.006256060045,-35206.52912466737,-26672.186422302184,-25610.246125928366,-27734.126718676
-26305.474577668745,-30747.56352769449,-35189.65247772023,-26672.186422302184,-25610.246125928366,-27734.126718676
-26302.31110536115,-30737.986611672,-35173.66211798285,-26672.186422302184,-25610.246125928366,-27734.126718676
-26283.66493650849,-30728.421925733062,-35173.178914957636,-26672.186422302184,-25610.246125928366,-27734.126718676
-26288.559193357385,-30718.77294125663,-35148.98668915588,-26672.186422302184,-25610.246125928366,-27734.126718676
-26282.539208359452,-30709.35773324113,-35136.17625812281,-26672.186422302184,-25610.246125928366,-27734.126718676
-26279.069021525524,-30699.989210904176,-35120.90940028283,-26672.186422302184,-25610.246125928366,-27734.126718676
-26276.394851413494,-30690.612220830753,-35104.82959024802,-26672.186422302184,-25610.246125928366,-27734.126718676
-26261.042392326195,-30681.281216947038,-35101.52004156788,-26672.186422302184,-25610.246125928366,-27734.126718676
-26251.31547813238,-30671.931287480333,-35092.54709682829,-26672.186422302184,-25610.246125928366,-27734.126718676
-26247.21782761303,-30662.66337790546,-35078.10892819789,-26672.186422302184,-25610.246125928366,-27734.126718676
-26236.231662467933,-30653.42217189069,-35070.61268131344,-26672.186422302184,-25610.246125928366,-27734.126718676
-26232.7984861101,-30644.44519951775,-35056.0919129254,-26672.186422302184,-25610.246125928366,-27734.126718676
-26228.302359547877,-30635.43644577252,-35042.57053199717,-26672.186422302184,-25610.246125928366,-27734.126718676
-26216.31981164807,-30626.639025109525,-35036.95823857098,-26672.186422302184,-25610.246125928366,-27734.126718676
-26210.331647893123,-30617.59661929534,-35024.861590697554,-26672.186422302184,-25610.246125928366,-27734.126718676
-26202.42155323045,-30608.527386997728,-35014.633220765005,-26672.186422302184,-25610.246125928366,-27734.126718676
-26194.866489035106,-30599.414643575157,-35003.96279811521,-26672.186422302184,-25610.246125928366,-27734.126718676
-26192.881135591255,-30590.375908091537,-34987.87068059182,-26672.186422302184,-25610.246125928366,-27734.126718676
-26189.511878415007,-30581.43185078854,-34973.35182316207,-26672.186422302184,-25610.246125928366,-27734.126718676
-26183.824905327696,-30572.2089617487,-34960.593018169704,-26672.186422302184,-25610.246125928366,-27734.126718676
-26173.718765190773,-30562.67053011318,-34951.62229503559,-26672.186422302184,-25610.246125928366,-27734.126718676
-26163.84645483734,-30552.619097888786,-34941.391740940235,-26672.186422302184,-25610.246125928366,-27734.126718676
-26152.904172941315,-30542.447072666473,-34931.98997239163,-26672.186422302184,-25610.246125928366,-27734.126718676
-26141.490697817262,-30532.328446710966,-34923.166195604674,-26672.186422302184,-25610.246125928366,-27734.126718676
-26132.097591430003,-30522.05834286368,-34912.01909429736,-26672.186422302184,-25610.246125928366,-27734.126718676
-26112.724994225842,-30511.852660930257,-34910.98032763467,-26672.186422302184,-25610.246125928366,-27734.126718676
-26104.959124042165,-30502.070010697887,-34899.18089735361,-26672.186422302184,-25610.246125928366,-27734.126718676
-26095.343211049192,-30492.350609740653,-34889.358008432115,-26672.186422302184,-25610.246125928366,-27734.126718676
-26086.506705479096,-30482.532516446197,-34878.5583274133,-26672.186422302184,-25610.246125928366,-27734.126718676
-26073.318184203636,-30472.62528503734,-34871.93238587104,-26672.186422302184,-25610.246125928366,-27734.126718676
-26056.99053712934,-30462.707886090928,-34868.42523505252,-26672.186422302184,-25610.246125928366,-27734.126718676
-26047.38223255645,-30452.748898827696,-34858.11556509894,-26672.186422302184,-25610.246125928366,-27734.126718676
-26038.397856550804,-30442.794516723818,-34847.19117689683,-26672.186422302184,-25610.246125928366,-27734.126718676
-26022.375381276186,-30432.876575452203,-34843.37776962822,-26672.186422302184,-25610.246125928366,-27734.126718676
-26010.929368209276,-30422.977343140396,-34835.025318071515,-26672.186422302184,-25610.246125928366,-27734.126718676
-26002.952479940155,-30413.115339466196,-34823.27819899224,-26672.186422302184,-25610.246125928366,-27734.126718676
-25997.29770130278,-30402.659488772486,-34808.021276242194,-26672.186422302184,-25610.246125928366,-27734.126718676
-25981.0436002656,-30392.240880566867,-34803.438160868136,-26672.186422302184,-25610.246125928366,-27734.126718676
-25971.272634522793,-30381.47811956269,-34791.683604602586,-26672.186422302184,-25610.246125928366,-27734.126718676
-25958.995690748307,-30370.852237043273,-34782.70878333824,-26672.186422302184,-25610.246125928366,-27734.126718676
-25945.200409874175,-30360.22526474348,-34775.250119612785,-26672.186422302184,-25610.246125928366,-27734.126718676
-25943.218781202235,-30349.67811636895,-34756.13745153566,-26672.186422302184,-25610.246125928366,-27734.126718676
-25938.34163292806,-30339.123440003517,-34739.905247078976,-26672.186422302184,-25610.246125928366,-27734.126718676
-25935.26565741055,-30328.64731292912,-34722.02896844769,-26672.186422302184,-25610.246125928366,-27734.126718676
-25933.596590169844,-30318.545948322564,-34703.495306475284,-26672.186422302184,-25610.246125928366,-27734.126718676
-25923.25771788412,-30308.475078569627,-34693.69243925513,-26672.186422302184,-25610.246125928366,-27734.126718676
-25908.85382597493,-30298.492830175564,-34688.131834376196,-26672.186422302184,-25610.246125928366,-27734.126718676
-25916.122283625264,-30288.470787857124,-34660.819292088985,-26672.186422302184,-25610.246125928366,-27734.126718676
-25900.83235395559,-30278.36146575351,-34655.89057755143,-26672.186422302184,-25610.246125928366,-27734.126718676
-25898.23528307267,-30268.320340204813,-34638.40539733696,-26672.186422302184,-25610.246125928366,-27734.126718676
-25890.092627301896,-30257.863242959378,-34625.63385861686,-26672.186422302184,-25610.246125928366,-27734.126718676
-25878.076849189983,-30247.561396117213,-34617.045943044446,-26672.186422302184,-25610.246125928366,-27734.126718676
-25871.8071555312,-30237.192633439237,-34602.57811134727,-26672.186422302184,-25610.246125928366,-27734.126718676
-25861.44710408412,-30226.779841851156,-34592.11257961819,-26672.186422302184,-25610.246125928366,-27734.126718676
-25859.313289043163,-30216.416164298553,-34573.51903955394,-26672.186422302184,-25610.246125928366,-27734.126718676
-25851.962842178094,-30205.911189149072,-34559.85953612005,-26672.186422302184,-25610.246125928366,-27734.126718676
-25842.36386737469,-30195.369193439226,-34548.37451950376,-26672.186422302184,-25610.246125928366,-27734.126718676
-25842.021101313094,-30184.746887070003,-34527.472672826916,-26672.186422302184,-25610.246125928366,-27734.126718676
-25837.87918987143,-30174.27772684544,-34510.67626381945,-26672.186422302184,-25610.246125928366,-27734.126718676
-25831.07015698088,-30163.675574710414,-34496.28099243995,-26672.186422302184,-25610.246125928366,-27734.126718676
-25824.9682442457,-30153.00458881158,-34481.04093337746,-26672.186422302184,-25610.246125928366,-27734.126718676
-25813.048740723498,-30141.976086300263,-34470.90343187703,-26672.186422302184,-25610.246125928366,-27734.126718676
-25806.955829230137,-30130.962168317626,-34454.968507405116,-26672.186422302184,-25610.246125928366,-27734.126718676
-25797.811580017173,-30119.955669351046,-34442.09975868492,-26672.186422302184,-25610.246125928366,-27734.126718676
-25785.059658508246,-30108.934657392903,-34432.80965627756,-26672.186422302184,-25610.246125928366,-27734.126718676
-25771.838341773895,-30098.001576997598,-34424.1648122213,-26672.186422302184,-25610.246125928366,-27734.126718676
-25764.774624799244,-30086.9143226,-34409.054020400756,-26672.186422302184,-25610.246125928366,-27734.126718676
-25744.49490998622,-30075.492921785684,-34406.49093358515,-26672.186422302184,-25610.246125928366,-27734.126718676
-25737.563539347684,-30064.171485522056,-34390.77943169643,-26672.186422302184,-25610.246125928366,-27734.126718676
-25729.615401690462,-30052.691661207708,-34375.76792072495,-26672.186422302184,-25610.246125928366,-27734.126718676
-25722.56667916886,-30041.174805689992,-34359.78293221112,-26672.186422302184,-25610.246125928366,-27734.126718676
-25715.88997844572,-30029.726348648528,-34343.56271885133,-26672.186422302184,-25610.246125928366,-27734.126718676
-25701.7129857224,-30018.281157876805,-34334.84933003121,-26672.186422302184,-25610.246125928366,-27734.126718676
-25682.213423715486,-30006.6120862508,-34331.01074878611,-26672.186422302184,-25610.246125928366,-27734.126718676
-25666.801114642996,-29994.683690982045,-34322.5662673211,-26672.186422302184,-25610.246125928366,-27734.126718676
-25656.17345487291,-29982.708890417147,-34309.24432596139,-26672.186422302184,-25610.246125928366,-27734.126718676
-25646.661595533104,-29970.56693156991,-34294.47226760672,-26672.186422302184,-25610.246125928366,-27734.126718676
-25641.00813846368,-29958.50173020113,-34275.99532193858,-26672.186422302184,-25610.246125928366,-27734.126718676
-25636.04218922597,-29946.398263845218,-34256.75433846447,-26672.186422302184,-25610.246125928366,-27734.126718676
-25634.00103424447,-29934.24453172898,-34234.48802921349,-26672.186422302184,-25610.246125928366,-27734.126718676
-25623.870651043213,-29922.169010580736,-34220.467370118255,-26672.186422302184,-25610.246125928366,-27734.126718676
-25613.531285334207,-29910.051665596424,-34206.57204585864,-26672.186422302184,-25610.246125928366,-27734.126718676
-25605.39823095198,-29897.91327510729,-34190.4283192626,-26672.186422302184,-25610.246125928366,-27734.126718676
-25592.82863339106,-29885.569011472024,-34178.30938955299,-26672.186422302184,-25610.246125928366,-27734.126718676
-25585.09928873099,-29873.313711287068,-34161.528133843145,-26672.186422302184,-25610.246125928366,-27734.126718676
-25578.313204705246,-29861.065087373707,-34143.81697004217,-26672.186422302184,-25610.246125928366,-27734.126718676
-25572.305637208712,-29848.97715886404,-34125.64868051936,-26672.186422302184,-25610.246125928366,-27734.126718676
-25560.141907238612,-29836.79519276408,-34113.448478289545,-26672.186422302184,-25610.246125928366,-27734.126718676
-25556.964830595385,-29824.638921525304,-34092.31301245522,-26672.186422302184,-25610.246125928366,-27734.126718676
-25540.15053189857,-29811.943835605394,-34083.737139312216,-26672.186422302184,-25610.246125928366,-27734.126718676
-25534.990686235393,-29799.26975421841,-34063.548822201425,-26672.186422302184,-25610.246125928366,-27734.126718676
-25526.419666591304,-29786.68295140376,-34046.946236216216,-26672.186422302184,-25610.246125928366,-27734.126718676
-25522.62796108882,-29774.117469087443,-34025.60697708606,-26672.186422302184,-25610.246125928366,-27734.126718676
-25518.021023831392,-29761.40924871274,-34004.79747359408,-26672.186422302184,-25610.246125928366,-27734.126718676
-25509.940408067727,-29748.718262653714,-33987.4961172397,-26672.186422302184,-25610.246125928366,-27734.126718676
-25497.549238397674,-29735.83837551461,-33974.127512631545,-26672.186422302184,-25610.246125928366,-27734.126718676
-25477.116723807398,-29722.952660022893,-33968.78859623839,-26672.186422302184,-25610.246125928366,-27734.126718676
-25480.223929695872,-29710.064387872575,-33939.90484604928,-26672.186422302184,-25610.246125928366,-27734.126718676
-25467.385790441796,-29697.255917115468,-33927.12604378914,-26672.186422302184,-25610.246125928366,-27734.126718676
-25457.30979347462,-29684.334632810325,-33911.35947214603,-26672.186422302184,-25610.246125928366,-27734.126718676
-25444.03042663772,-29671.30724041471,-33898.5840541917,-26672.186422302184,-25610.246125928366,-27734.126718676
-25438.931546610405,-29658.29686383713,-33877.66218106385,-26672.186422302184,-25610.246125928366,-27734.126718676
-25434.09561467664,-29645.04129773918,-33855.98698080172,-26672.186422302184,-25610.246125928366,-27734.126718676
-25422.600091504766,-29631.313904358532,-33840.027717212295,-26672.186422302184,-25610.246125928366,-27734.126718676
-25411.951330215397,-29617.54699050588,-33823.14265079637,-26672.186422302184,-25610.246125928366,-27734.126718676
-25406.97852892041,-29603.751576595005,-33800.5246242696,-26672.186422302184,-25610.246125928366,-27734.126718676
-25388.9894049636,-29589.957661518587,-33790.925918073575,-26672.186422302184,-25610.246125928366,-27734.126718676
-25377.43611513385,-29576.1939763305,-33774.95183752715,-26672.186422302184,-25610.246125928366,-27734.126718676
-25367.192940998742,-29562.424738969126,-33757.65653693951,-26672.186422302184,-25610.246125928366,-27734.126718676
-25364.27978377072,-29548.861877412593,-33733.44397105447,-26672.186422302184,-25610.246125928366,-27734.126718676
-25359.989719093606,-29535.236135468913,-33710.482551844216,-26672.186422302184,-25610.246125928366,-27734.126718676
-25341.780449177706,-29521.72296663407,-33701.66548409044,-26672.186422302184,-25610.246125928366,-27734.126718676
-25323.861627230464,-29507.86149572304,-33691.86136421561,-26672.186422302184,-25610.246125928366,-27734.126718676
-25316.42955528886,-29494.10374399604,-33671.77793270322,-26672.186422302184,-25610.246125928366,-27734.126718676
-25301.804314200905,-29480.601197010044,-33659.398079819184,-26672.186422302184,-25610.246125928366,-27734.126718676
-25295.846346584865,-29467.401412815798,-33638.95647904673,-26672.186422302184,-25610.246125928366,-27734.126718676
-25284.253195836194,-29454.668588375927,-33625.08398091566,-26672.186422302184,-25610.246125928366,-27734.126718676
-25277.98249568421,-29442.00303122767,-33606.023566771124,-26672.186422302184,-25610.246125928366,-27734.126718676
-25269.00939200431,-29429.35492107948,-33589.700450154654,-26672.186422302184,-25610.246125928366,-27734.126718676
-25252.655245839618,-29416.708923306767,-33580.762600773916,-26672.186422302184,-25610.246125928366,-27734.126718676
-25253.68611080121,-29404.01361751726,-33554.34112423331,-26672.186422302184,-25610.246125928366,-27734.126718676
-25238.31859428766,-29391.275725269126,-33544.23285625059,-26672.186422302184,-25610.246125928366,-27734.126718676
-25235.188242293727,-29378.38783265101,-33521.58742300829,-26672.186422302184,-25610.246125928366,-27734.126718676
-25222.94938497805,-29365.550212358794,-33508.15103973954,-26672.186422302184,-25610.246125928366,-27734.126718676
-25222.403005785003,-29352.99060516333,-33483.578204541656,-26672.186422302184,-25610.246125928366,-27734.126718676
-25221.17102728312,-29340.441266534905,-33459.71150578669,-26672.186422302184,-25610.246125928366,-27734.126718676
-25218.11248591297,-29327.895087004214,-33437.67768809546,-26672.186422302184,-25610.246125928366,-27734.126718676
-25212.22637929507,-29315.360453139263,-33418.49452698346,-26672.186422302184,-25610.246125928366,-27734.126718676
-25211.452818422462,-29302.12604976484,-33392.79928110722,-26672.186422302184,-25610.246125928366,-27734.126718676
-25206.21414070452,-29288.881433768267,-33371.548726832014,-26672.186422302184,-25610.246125928366,-27734.126718676
-25198.346527306756,-29275.61582231008,-33352.8851173134,-26672.186422302184,-25610.246125928366,-27734.126718676
-25184.98675400736,-29262.816085263697,-33340.645416520034,-26672.186422302184,-25610.246125928366,-27734.126718676
-25176.43829495941,-29250.072725597794,-33323.707156236174,-26672.186422302184,-25610.246125928366,-27734.126718676
-25165.929900024188,-29237.156965309227,-33308.384030594265,-26672.186422302184,-25610.246125928366,-27734.126718676
-25159.0738653835,-29224.32570652782,-33289.57754767214,-26672.186422302184,-25610.246125928366,-27734.126718676
-25154.294629697444,-29211.491342620597,-33268.68805554375,-26672.186422302184,-25610.246125928366,-27734.126718676
-25148.61260680064,-29198.621076927593,-33248.629547054545,-26672.186422302184,-25610.246125928366,-27734.126718676
-25132.671089804684,-29185.822782456366,-33238.97447510805,-26672.186422302184,-25610.246125928366,-27734.126718676
-25119.335032657465,-29173.01823571877,-33226.701438780074,-26672.186422302184,-25610.246125928366,-27734.126718676
-25102.9615254572,-29160.161381378584,-33217.36123729997,-26672.186422302184,-25610.246125928366,-27734.126718676
-25103.412131724566,-29147.296132979765,-33191.180134234964,-26672.186422302184,-25610.246125928366,-27734.126718676
-25093.006048824715,-29134.49589544688,-33175.985742069046,-26672.186422302184,-25610.246125928366,-27734.126718676
-25079.463117635016,-29121.83057531023,-33164.19803298544,-26672.186422302184,-25610.246125928366,-27734.126718676
-25071.9340959035,-29108.98616614183,-33146.03823638016,-26672.186422302184,-25610.246125928366,-27734.126718676
-25065.268990280176,-29096.11035140824,-33126.951712536305,-26672.186422302184,-25610.246125928366,-27734.126718676
-25055.71818006625,-29083.620559966894,-33111.52293986754,-26672.186422302184,-25610.246125928366,-27734.126718676
-25048.83982041702,-29070.58176292901,-33092.323705441006,-26672.186422302184,-25610.246125928366,-27734.126718676
-25042.564644060134,-29057.427167783815,-33072.289691507496,-26672.186422302184,-25610.246125928366,-27734.126718676
-25037.499280280532,-29044.01925152396,-33050.53922276739,-26672.186422302184,-25610.246125928366,-27734.126718676
-25021.387396388356,-29030.616057893538,-33039.84471939872,-26672.186422302184,-25610.246125928366,-27734.126718676
-25013.445153783097,-29017.236539482852,-33021.02792518261,-26672.186422302184,-25610.246125928366,-27734.126718676
-24999.95892322479,-29003.631668948274,-33007.30441467176,-26672.186422302184,-25610.246125928366,-27734.126718676
-24981.37083992928,-28989.98651381443,-32998.60218769958,-26672.186422302184,-25610.246125928366,-27734.126718676
-24965.162094747044,-28976.16347995404,-32987.16486516104,-26672.186422302184,-25610.246125928366,-27734.126718676
-24949.90471262581,-28962.30405890523,-32974.70340518465,-26672.186422302184,-25610.246125928366,-27734.126718676
-24943.336955369738,-28948.40734340273,-32953.47773143572,-26672.186422302184,-25610.246125928366,-27734.126718676
-24934.00840778575,-28934.780847750822,-32935.55328771589,-26672.186422302184,-25610.246125928366,-27734.126718676
-24926.3456256115,-28921.05729820988,-32915.76897080826,-26672.186422302184,-25610.246125928366,-27734.126718676
-24919.812658166822,-28907.200743768266,-32894.588829369706,-26672.186422302184,-25610.246125928366,-27734.126718676
-24910.70591941978,-28893.244825882597,-32875.783732345415,-26672.186422302184,-25610.246125928366,-27734.126718676
-24905.772758787993,-28879.065224641585,-32852.35769049518,-26672.186422302184,-25610.246125928366,-27734.126718676
-24905.08365298601,-28864.830564021533,-32824.577475057056,-26672.186422302184,-25610.246125928366,-27734.126718676
-24899.699114265688,-28850.7450139039,-32801.790913542114,-26672.186422302184,-25610.246125928366,-27734.126718676
-24882.787364311444,-28836.534895931294,-32790.282427551145,-26672.186422302184,-25610.246125928366,-27734.126718676
-24871.325427944306,-28822.703436097843,-32774.08144425138,-26672.186422302184,-25610.246125928366,-27734.126718676
-24853.783040641305,-28808.72003069618,-32763.657020751052,-26672.186422302184,-25610.246125928366,-27734.126718676
-24835.629753115754,-28794.754624165504,-32753.879495215253,-26672.186422302184,-25610.246125928366,-27734.126718676
-24825.81964744749,-28780.67956296836,-32735.539478489227,-26672.186422302184,-25610.246125928366,-27734.126718676
-24820.93653367276,-28766.74008844519,-32712.543643217618,-26672.186422302184,-25610.246125928366,-27734.126718676
-24816.0555322714,-28752.818370863613,-32689.581209455828,-26672.186422302184,-25610.246125928366,-27734.126718676
-24815.89217246507,-28739.13386094922,-32662.375549433367,-26672.186422302184,-25610.246125928366,-27734.126718676
-24799.39753663019,-28725.498784317242,-32651.600032004295,-26672.186422302184,-25610.246125928366,-27734.126718676
-24782.322182703003,-28711.92556621732,-32641.528949731637,-26672.186422302184,-25610.246125928366,-27734.126718676
-24768.178889422456,-28698.428565316455,-32628.678241210455,-26672.186422302184,-25610.246125928366,-27734.126718676
-24757.967024635054,-28684.51044291383,-32611.053861192606,-26672.186422302184,-25610.246125928366,-27734.126718676
-24752.163923267442,-28670.21995897703,-32588.27599468662,-26672.186422302184,-25610.246125928366,-27734.126718676
-24741.79774170238,-28655.677078109376,-32569.556414516373,-26672.186422302184,-25610.246125928366,-27734.126718676
-24723.419253274096,-28641.143955816602,-32558.868658359108,-26672.186422302184,-25610.246125928366,-27734.126718676
-24710.89354407553,-28626.75611593711,-32542.61868779869,-26672.186422302184,-25610.246125928366,-27734.126718676
-24697.96739134356,-28612.372955629347,-32526.778519915133,-26672.186422302184,-25610.246125928366,-27734.126718676
-24686.44060883923,-28597.83741584988,-32509.23422286053,-26672.186422302184,-25610.246125928366,-27734.126718676
-24672.747162591026,-28582.906732811265,-32493.066303031505,-26672.186422302184,-25610.246125928366,-27734.126718676
-24661.943155107037,-28567.482567481522,-32473.021979856007,-26672.186422302184,-25610.246125928366,-27734.126718676
-24653.82341430077,-28552.03992088438,-32450.256427467993,-26672.186422302184,-25610.246125928366,-27734.126718676
-24646.88297203924,-28537.136092951027,-32427.389213862814,-26672.186422302184,-25610.246125928366,-27734.126718676
-24633.793966704274,-28522.21350343899,-32410.633040173707,-26672.186422302184,-25610.246125928366,-27734.126718676
-24624.161915066717,-28507.242338727337,-32390.322762387957,-26672.186422302184,-25610.246125928366,-27734.126718676
-24602.051554334306,-28492.086490649945,-32382.121426965583,-26672.186422302184,-25610.246125928366,-27734.126718676
-24589.80557144368,-28476.73268097318,-32363.659790502676,-26672.186422302184,-25610.246125928366,-27734.126718676
-24578.20395858892,-28461.172143804288,-32344.140329019654,-26672.186422302184,-25610.246125928366,-27734.126718676
-24565.945141293756,-28445.744690113654,-32325.54423893355,-26672.186422302184,-25610.246125928366,-27734.126718676
-24560.998252167956,-28430.405191088004,-32299.812130008053,-26672.186422302184,-25610.246125928366,-27734.126718676
-24539.76484062856,-28414.45308702032,-32289.14133341208,-26672.186422302184,-25610.246125928366,-27734.126718676
-24526.28377874531,-28398.341947169934,-32270.40011559456,-26672.186422302184,-25610.246125928366,-27734.126718676
-24510.24865488756,-28382.37762847286,-32254.506602058158,-26672.186422302184,-25610.246125928366,-27734.126718676
-24490.482014675195,-28366.65147102001,-32242.820927364824,-26672.186422302184,-25610.246125928366,-27734.126718676
-24465.773076037916,-28350.86068901651,-32235.948301995104,-26672.186422302184,-25610.246125928366,-27734.126718676
-24458.749862520093,-28335.241323967344,-32211.732785414595,-26672.186422302184,-25610.246125928366,-27734.126718676
-24449.435769590207,-28319.981009444866,-32190.526249299524,-26672.186422302184,-25610.246125928366,-27734.126718676
-24425.986408977107,-28304.580825103963,-32183.17524123082,-26672.186422302184,-25610.246125928366,-27734.126718676
-24410.16396489425,-28289.22852493465,-32168.29308497505,-26672.186422302184,-25610.246125928366,-27734.126718676
-24405.037435137172,-28273.872172545816,-32142.70690995446,-26672.186422302184,-25610.246125928366,-27734.126718676
-24388.75682686191,-28258.330781287747,-32127.904735713582,-26672.186422302184,-25610.246125928366,-27734.126718676
-24382.076566094278,-28242.768356185326,-32103.460146276375,-26672.186422302184,-25610.246125928366,-27734.126718676
-24370.38990933536,-28227.123910220787,-32083.857911106214,-26672.186422302184,-25610.246125928366,-27734.126718676
-24351.359832059607,-28211.57622080028,-32071.792609540957,-26672.186422302184,-25610.246125928366,-27734.126718676
-24346.39136525406,-28196.02338290438,-32045.655400554697,-26672.186422302184,-25610.246125928366,-27734.126718676
-24333.446930277714,-28180.658217550357,-32027.869504823,-26672.186422302184,-25610.246125928366,-27734.126718676
-24316.961635116542,-28165.270202235606,-32013.57876935467,-26672.186422302184,-25610.246125928366,-27734.126718676
-24305.329281279613,-28149.318839278032,-31993.30839727645,-26672.186422302184,-25610.246125928366,-27734.126718676
-24286.845231364077,-28133.28656883984,-31979.727906315606,-26672.186422302184,-25610.246125928366,-27734.126718676
-24274.11901473817,-28117.05794898108,-31959.99688322399,-26672.186422302184,-25610.246125928366,-27734.126718676
-24269.661685476996,-28100.676462051757,-31931.691238626518,-26672.186422302184,-25610.246125928366,-27734.126718676
-24256.518848083473,-28084.174642301685,-31911.830436519896,-26672.186422302184,-25610.246125928366,-27734.126718676
-24248.70074095316,-28067.75898739116,-31886.81723382916,-26672.186422302184,-25610.246125928366,-27734.126718676
-24230.114397922254,-28051.18163399412,-31872.24887006599,-26672.186422302184,-25610.246125928366,-27734.126718676
-24220.691675018898,-28034.66554676,-31848.6394185011,-26672.186422302184,-25610.246125928366,-27734.126718676
-24201.52263894985,-28018.148872809616,-31834.77510666938,-26672.186422302184,-25610.246125928366,-27734.126718676
-24189.47671353469,-28001.62137468341,-31813.766035832134,-26672.186422302184,-25610.246125928366,-27734.126718676
-24173.37787713704,-27985.09839428621,-31796.81891143538,-26672.186422302184,-25610.246125928366,-27734.126718676
-24159.01351333156,-27968.394988217693,-31777.776463103826,-26672.186422302184,-25610.246125928366,-27734.126718676
-24134.85719940741,-27951.742238515573,-31768.62727762374,-26672.186422302184,-25610.246125928366,-27734.126718676
-24124.38221370425,-27935.042219064464,-31745.702224424676,-26672.186422302184,-25610.246125928366,-27734.126718676
-24109.62064686696,-27919.0868022119,-31728.55295755684,-26672.186422302184,-25610.246125928366,-27734.126718676
-24094.133696756544,-27902.78574797866,-31711.43779920078,-26672.186422302184,-25610.246125928366,-27734.126718676
-24074.834782454647,-27886.518113526374,-31698.2014445981,-26672.186422302184,-25610.246125928366,-27734.126718676
-24061.15549613611,-27870.395228735095,-31679.63496133408,-26672.186422302184,-25610.246125928366,-27734.126718676
-24052.746791339414,-27853.912781561423,-31655.078771783432,-26672.186422302184,-25610.246125928366,-27734.126718676
-24045.307721492318,-27837.93172027045,-31630.555719048585,-26672.186422302184,-25610.246125928366,-27734.126718676
-24031.564053943704,-27821.926260120086,-31612.288466296468,-26672.186422302184,-25610.246125928366,-27734.126718676
-24013.61735770467,-27805.826434721825,-31598.03551173898,-26672.186422302184,-25610.246125928366,-27734.126718676
-23993.975027767385,-27789.731055898726,-31585.48708403007,-26672.186422302184,-25610.246125928366,-27734.126718676
-23977.18981106118,-27773.421303449275,-31569.65279583737,-26672.186422302184,-25610.246125928366,-27734.126718676
-23966.09837610978,-27757.070533607282,-31548.042691104783,-26672.186422302184,-25610.246125928366,-27734.126718676
-23951.61492476034,-27740.752063684202,-31529.889202608065,-26672.186422302184,-25610.246125928366,-27734.126718676
-23934.30860429773,-27724.381321831137,-31514.454039364544,-26672.186422302184,-25610.246125928366,-27734.126718676
-23928.24873173121,-27708.05209274775,-31487.855453764285,-26672.186422302184,-25610.246125928366,-27734.126718676
-23913.185099652026,-27691.725951019045,-31470.266802386064,-26672.186422302184,-25610.246125928366,-27734.126718676
-23900.495722324595,-27675.554274637674,-31450.612826950754,-26672.186422302184,-25610.246125928366,-27734.126718676
-23887.214239692246,-27659.387467070985,-31431.560694449723,-26672.186422302184,-25610.246125928366,-27734.126718676
-23864.940426428548,-27643.10044260946,-31421.26045879037,-26672.186422302184,-25610.246125928366,-27734.126718676
-23852.127505850207,-27627.26527773826,-31402.403049626315,-26672.186422302184,-25610.246125928366,-27734.126718676
-23833.341286524912,-27611.487138192922,-31389.632989860933,-26672.186422302184,-25610.246125928366,-27734.126718676
-23814.874741936215,-27595.55557398524,-31376.236406034262,-26672.186422302184,-25610.246125928366,-27734.126718676
-23803.850622727812,-27579.46723829679,-31355.08385386577,-26672.186422302184,-25610.246125928366,-27734.126718676
-23785.66681663945,-27563.509821721258,-31341.352826803068,-26672.186422302184,-25610.246125928366,-27734.126718676
-23783.96607738619,-27547.557349834715,-31311.14862228324,-26672.186422302184,-25610.246125928366,-27734.126718676
-23771.102435136083,-27531.742804740858,-31292.383174345632,-26672.186422302184,-25610.246125928366,-27734.126718676
-23759.940793537153,-27516.12428721903,-31272.30778090091,-26672.186422302184,-25610.246125928366,-27734.126718676
-23754.79345313977,-27500.627835312258,-31246.462217484746,-26672.186422302184,-25610.246125928366,-27734.126718676
-23736.037022009794,-27485.225442711293,-31234.413863412792,-26672.186422302184,-25610.246125928366,-27734.126718676
-23723.61311146221,-27469.68398535836,-31215.754859254506,-26672.186422302184,-25610.246125928366,-27734.126718676
-23709.329617176,-27454.197250826506,-31199.06488447701,-26672.186422302184,-25610.246125928366,-27734.126718676
-23690.909503860817,-27438.36415956012,-31185.81881525942,-26672.186422302184,-25610.246125928366,-27734.126718676
-23687.050271381268,-27422.478449151175,-31157.90662692108,-26672.186422302184,-25610.246125928366,-27734.126718676
-23676.137223929345,-27406.822233395054,-31137.507242860764,-26672.186422302184,-25610.246125928366,-27734.126718676
-23654.91545520387,-27391.19296443099,-31127.470473658108,-26672.186422302184,-25610.246125928366,-27734.126718676
-23643.99239514661,-27375.519618062583,-31107.046840978554,-26672.186422302184,-25610.246125928366,-27734.126718676
-23635.190138278627,-27360.010936772247,-31084.831735265867,-26672.186422302184,-25610.246125928366,-27734.126718676
-23618.931607919825,-27344.51803676375,-31070.104465607677,-26672.186422302184,-25610.246125928366,-27734.126718676
-23610.630072161443,-27329.165875766146,-31047.70167937085,-26672.186422302184,-25610.246125928366,-27734.126718676
-23602.900419897192,-27314.034622301042,-31025.16882470489,-26672.186422302184,-25610.246125928366,-27734.126718676
-23589.820829419565,-27298.23686438325,-31006.652899346933,-26672.186422302184,-25610.246125928366,-27734.126718676
-23571.472082258642,-27282.57415403428,-30993.676225809915,-26672.186422302184,-25610.246125928366,-27734.126718676
-23555.464829294466,-27266.973868203706,-30978.482907112946,-26672.186422302184,-25610.246125928366,-27734.126718676
-23538.219635846912,-27251.33167239677,-30964.443708946626,-26672.186422302184,-25610.246125928366,-27734.126718676
-23524.0388427534,-27235.524200180098,-30947.009557606794,-26672.186422302184,-25610.246125928366,-27734.126718676
-23512.425787171356,-27219.75651386764,-30927.087240563924,-26672.186422302184,-25610.246125928366,-27734.126718676
-23502.301488200053,-27203.879547783883,-30905.457607367713,-26672.186422302184,-25610.246125928366,-27734.126718676
-23489.36621505469,-27188.455052281264,-30887.543889507837,-26672.186422302184,-25610.246125928366,-27734.126718676
-23471.18892629749,-27173.469833130326,-30875.75073996316,-26672.186422302184,-25610.246125928366,-27734.126718676
-23457.824556818192,-27158.768943751693,-30859.713330685194,-26672.186422302184,-25610.246125928366,-27734.126718676
-23445.80994563405,-27144.01911621552,-30842.22828679699,-26672.186422302184,-25610.246125928366,-27734.126718676
-23437.25407545244,-27129.287230153936,-30821.32038485543,-26672.186422302184,-25610.246125928366,-27734.126718676
-23422.66067752,-27114.194768040594,-30805.728858561186,-26672.186422302184,-25610.246125928366,-27734.126718676
-23409.113430291603,-27099.062920227818,-30789.012410164032,-26672.186422302184,-25610.246125928366,-27734.126718676
-23395.965095960433,-27084.336645461615,-30772.708194962797,-26672.186422302184,-25610.246125928366,-27734.126718676
-23379.564841855823,-27069.804329447958,-30760.043817040092,-26672.186422302184,-25610.246125928366,-27734.126718676
-23363.787098987254,-27055.37918964653,-30746.971280305806,-26672.186422302184,-25610.246125928366,-27734.126718676
-23348.78911535812,-27040.69998535093,-30732.61085534374,-26672.186422302184,-25610.246125928366,-27734.126718676
-23335.65074900033,-27025.990003203227,-30716.329257406123,-26672.186422302184,-25610.246125928366,-27734.126718676
-23317.916265205782,-27011.281848539667,-30704.647431873553,-26672.186422302184,-25610.246125928366,-27734.126718676
-23310.11169624741,-26996.827996203225,-30683.544296159038,-26672.186422302184,-25610.246125928366,-27734.126718676
-23298.513448426816,-26982.64294112089,-30666.77243381496,-26672.186422302184,-25610.246125928366,-27734.126718676
-23285.151567898905,-26968.85828959579,-30652.565011292678,-26672.186422302184,-25610.246125928366,-27734.126718676
-23272.62569681599,-26955.180808129546,-30637.7359194431,-26672.186422302184,-25610.246125928366,-27734.126718676
-23259.96480505948,-26941.6520586425,-30623.33931222552,-26672.186422302184,-25610.246125928366,-27734.126718676
-23254.285583741832,-26928.54867497309,-30602.81176620435,-26672.186422302184,-25610.246125928366,-27734.126718676
-23244.93613395063,-26914.982150087337,-30585.028166224045,-26672.186422302184,-25610.246125928366,-27734.126718676
-23239.658785495998,-26901.383609794215,-30563.10843409243,-26672.186422302184,-25610.246125928366,-27734.126718676
-23231.25852944713,-26887.673002657037,-30544.087475866945,-26672.186422302184,-25610.246125928366,-27734.126718676
-23225.74417346527,-26873.78354425458,-30521.82291504389,-26672.186422302184,-25610.246125928366,-27734.126718676
-23215.039077844674,-26859.87059507829,-30504.702112311905,-26672.186422302184,-25610.246125928366,-27734.126718676
-23202.843423402046,-26846.086773221006,-30489.330123039967,-26672.186422302184,-25610.246125928366,-27734.126718676
-23200.09277078005,-26832.33526571074,-30464.577760641427,-26672.186422302184,-25610.246125928366,-27734.126718676
-23190.25460053871,-26818.486753260866,-30446.718905983023,-26672.186422302184,-25610.246125928366,-27734.126718676
-23176.822261506557,-26804.645676566342,-30432.469091626128,-26672.186422302184,-25610.246125928366,-27734.126718676
-23168.96985440455,-26790.95935465602,-30412.948854907492,-26672.186422302184,-25610.246125928366,-27734.126718676
-23147.303243321043,-26777.343580646797,-30407.38391797255,-26672.186422302184,-25610.246125928366,-27734.126718676
-23134.468143868744,-26763.83949002895,-30393.210836189155,-26672.186422302184,-25610.246125928366,-27734.126718676
-23125.15031219444,-26750.173595511955,-30375.19687882947,-26672.186422302184,-25610.246125928366,-27734.126718676
-23108.93133419515,-26736.348459713896,-30363.765585232642,-26672.186422302184,-25610.246125928366,-27734.126718676
-23095.455148692057,-26722.505401939317,-30349.555655186577,-26672.186422302184,-25610.246125928366,-27734.126718676
-23084.404855544857,-26708.639710822932,-30332.874566101007,-26672.186422302184,-25610.246125928366,-27734.126718676
-23081.01667953456,-26695.318197246885,-30309.619714959208,-26672.186422302184,-25610.246125928366,-27734.126718676
-23068.150837018668,-26681.549500363744,-30294.94816370882,-26672.186422302184,-25610.246125928366,-27734.126718676
-23052.212798979413,-26667.976499024327,-30283.74019906924,-26672.186422302184,-25610.246125928366,-27734.126718676
-23038.963896737492,-26654.60865397935,-30270.25341122121,-26672.186422302184,-25610.246125928366,-27734.126718676
-23028.437957599155,-26641.187350743927,-30253.9367438887,-26672.186422302184,-25610.246125928366,-27734.126718676
-23013.118504239334,-26627.776754778806,-30242.43500531828,-26672.186422302184,-25610.246125928366,-27734.126718676
-23003.29639937759,-26614.374116135306,-30225.451832893024,-26672.186422302184,-25610.246125928366,-27734.126718676
-22994.772266032836,-26600.948589637348,-30207.12491324186,-26672.186422302184,-25610.246125928366,-27734.126718676
-22981.258895532825,-26587.662805409313,-30194.0667152858,-26672.186422302184,-25610.246125928366,-27734.126718676
-22969.98931207049,-26574.256696437347,-30178.524080804204,-26672.186422302184,-25610.246125928366,-27734.126718676
-22950.446111250356,-26560.80613192977,-30171.166152609185,-26672.186422302184,-25610.246125928366,-27734.126718676
-22932.007339641208,-26547.51694527913,-30163.026550917053,-26672.186422302184,-25610.246125928366,-27734.126718676
-22929.678885723286,-26534.22210527093,-30138.76532481857,-26672.186422302184,-25610.246125928366,-27734.126718676
-22914.456044784773,-26520.675969783726,-30126.89589478268,-26672.186422302184,-25610.246125928366,-27734.126718676
-22899.79471521812,-26507.082755978834,-30114.37079673955,-26672.186422302184,-25610.246125928366,-27734.126718676
-22889.85449977697,-26493.91317364723,-30097.97184751749,-26672.186422302184,-25610.246125928366,-27734.126718676
-22879.681994254872,-26480.650390068018,-30081.618785881165,-26672.186422302184,-25610.246125928366,-27734.126718676
-22869.152847116868,-26467.30349208174,-30065.454137046614,-26672.186422302184,-25610.246125928366,-27734.126718676
-22847.257607024025,-26454.19690394829,-30061.136200872555,-26672.186422302184,-25610.246125928366,-27734.126718676
-22827.57913198184,-26441.080698071877,-30054.582264161912,-26672.186422302184,-25610.246125928366,-27734.126718676
-22815.123237942644,-26427.894416353436,-30040.66559476423,-26672.186422302184,-25610.246125928366,-27734.126718676
-22808.348620830664,-26414.786355082364,-30021.224089334064,-26672.186422302184,-25610.246125928366,-27734.126718676
-22799.217499591952,-26401.808414880874,-30004.399330169796,-26672.186422302184,-25610.246125928366,-27734.126718676
-22790.157953548587,-26389.0419523025,-29987.925951056415,-26672.186422302184,-25610.246125928366,-27734.126718676
-22772.55149382955,-26376.217607649796,-29979.883721470043,-26672.186422302184,-25610.246125928366,-27734.126718676
-22759.683463276175,-26363.485246661763,-29967.28703004735,-26672.186422302184,-25610.246125928366,-27734.126718676
-22752.605385600426,-26350.823501021285,-29949.041616442144,-26672.186422302184,-25610.246125928366,-27734.126718676
-22734.714927534547,-26338.16647466232,-29941.618021790095,-26672.186422302184,-25610.246125928366,-27734.126718676
-22718.10562181118,-26325.393697886648,-29932.681773962115,-26672.186422302184,-25610.246125928366,-27734.126718676
-22708.267310503477,-26312.73481401147,-29917.202317519463,-26672.186422302184,-25610.246125928366,-27734.126718676
-22698.655515900766,-26300.09876435973,-29901.542012818692,-26672.186422302184,-25610.246125928366,-27734.126718676
-22690.071027671052,-26287.517626752247,-29884.964225833442,-26672.186422302184,-25610.246125928366,-27734.126718676
-22671.19213035596,-26275.03588614328,-29878.879641930598,-26672.186422302184,-25610.246125928366,-27734.126718676
-22666.100128496942,-26262.686208904983,-29859.272289313023,-26672.186422302184,-25610.246125928366,-27734.126718676
-22652.520553215018,-26250.773610216303,-29849.02666721759,-26672.186422302184,-25610.246125928366,-27734.126718676
-22641.5739598467,-26238.862452722984,-29836.150945599267,-26672.186422302184,-25610.246125928366,-27734.126718676
-22639.542201657845,-26226.84415107091,-29814.146100483973,-26672.186422302184,-25610.246125928366,-27734.126718676
-22627.195794434487,-26215.05848484759,-29802.92117526069,-26672.186422302184,-25610.246125928366,-27734.126718676
-22624.230489649075,-26203.17602576353,-29782.121561877982,-26672.186422302184,-25610.246125928366,-27734.126718676
-22612.19477791807,-26191.32843711657,-29770.462096315066,-26672.186422302184,-25610.246125928366,-27734.126718676
-22587.14995575424,-26179.488384854798,-29771.826813955355,-26672.186422302184,-25610.246125928366,-27734.126718676
-22578.17502894881,-26167.636179237852,-29757.097329526892,-26672.186422302184,-25610.246125928366,-27734.126718676
-22565.709621682978,-26156.018138366988,-29746.326655050998,-26672.186422302184,-25610.246125928366,-27734.126718676
-22555.436777530238,-26144.21583281919,-29732.994888108144,-26672.186422302184,-25610.246125928366,-27734.126718676
-22545.768708963828,-26132.863616337003,-29719.95852371018,-26672.186422302184,-25610.246125928366,-27734.126718676
-22533.652867308887,-26121.740284987172,-29709.827702665458,-26672.186422302184,-25610.246125928366,-27734.126718676
-22519.741803591216,-26110.539787240974,-29701.337770890732,-26672.186422302184,-25610.246125928366,-27734.126718676
-22506.17830776947,-26099.40936226993,-29692.640416770388,-26672.186422302184,-25610.246125928366,-27734.126718676
-22494.871316168246,-26088.291844528845,-29681.712372889444,-26672.186422302184,-25610.246125928366,-27734.126718676
-22481.585142411004,-26077.10497142901,-29672.624800447014,-26672.186422302184,-25610.246125928366,-27734.126718676
-22467.725478422424,-26065.856687806157,-29663.98789718989,-26672.186422302184,-25610.246125928366,-27734.126718676
-22456.199248946377,-26054.650359447915,-29653.10146994945,-26672.186422302184,-25610.246125928366,-27734.126718676
-22444.02999543983,-26043.348545588236,-29642.667095736644,-26672.186422302184,-25610.246125928366,-27734.126718676
-22430.232673531464,-26032.790001543737,-29635.34732955601,-26672.186422302184,-25610.246125928366,-27734.126718676
-22422.239673151336,-26022.257012590133,-29622.27435202893,-26672.186422302184,-25610.246125928366,-27734.126718676
-22408.57052411909,-26011.820017770337,-29615.06951142158,-26672.186422302184,-25610.246125928366,-27734.126718676
-22399.35343589553,-26001.277585733904,-29603.20173557228,-26672.186422302184,-25610.246125928366,-27734.126718676
-22394.69614296189,-25991.07527754307,-29587.45441212425,-26672.186422302184,-25610.246125928366,-27734.126718676
-22386.843578977165,-25980.925814405928,-29575.00804983469,-26672.186422302184,-25610.246125928366,-27734.126718676
-22372.615208858388,-25970.891604991684,-29569.16800112498,-26672.186422302184,-25610.246125928366,-27734.126718676
-22361.523923466346,-25960.87009936376,-29560.216275261177,-26672.186422302184,-25610.246125928366,-27734.126718676
-22354.059050145053,-25950.819375364343,-29547.579700583632,-26672.186422302184,-25610.246125928366,-27734.126718676
-22346.81207250649,-25940.811661691187,-29534.811250875882,-26672.186422302184,-25610.246125928366,-27734.126718676
-22338.10187803265,-25930.822012616925,-29523.542147201202,-26672.186422302184,-25610.246125928366,-27734.126718676
-22329.26239523794,-25920.89849509795,-29512.53459495796,-26672.186422302184,-25610.246125928366,-27734.126718676
-22326.6415037463,-25911.269579463045,-29495.89765517979,-26672.186422302184,-25610.246125928366,-27734.126718676
-22314.33310191837,-25901.629118391564,-29488.925134864756,-26672.186422302184,-25610.246125928366,-27734.126718676
-22299.095043961115,-25892.040428668155,-29484.985813375195,-26672.186422302184,-25610.246125928366,-27734.126718676
-22295.684889761207,-25882.933532626175,-29470.182175491143,-26672.186422302184,-25610.246125928366,-27734.126718676
-22290.501403335318,-25873.830842441992,-29457.160281548666,-26672.186422302184,-25610.246125928366,-27734.126718676
-22281.888663521855,-25864.698441766384,-29447.508220010914,-26672.186422302184,-25610.246125928366,-27734.126718676
-22271.42974087145,-25855.42960470461,-29439.429468537768,-26672.186422302184,-25610.246125928366,-27734.126718676
-22265.214298934698,-25846.158511316637,-29427.102723698576,-26672.186422302184,-25610.246125928366,-27734.126718676
-22249.15334658256,-25836.841080718248,-29424.528814853937,-26672.186422302184,-25610.246125928366,-27734.126718676
-22241.35571085996,-25827.49222535472,-29413.62873984948,-26672.186422302184,-25610.246125928366,-27734.126718676
-22229.216955982138,-25817.923654566614,-29406.63035315109,-26672.186422302184,-25610.246125928366,-27734.126718676
-22218.4718192587,-25808.33889370555,-29398.2059681524,-26672.186422302184,-25610.246125928366,-27734.126718676
-22206.554240762056,-25798.65222341195,-29390.750206061846,-26672.186422302184,-25610.246125928366,-27734.126718676
-22194.456842725718,-25789.088101499627,-29383.719360273535,-26672.186422302184,-25610.246125928366,-27734.126718676
-22182.11232536083,-25780.106292548327,-29378.100259735824,-26672.186422302184,-25610.246125928366,-27734.126718676
-22174.38747754455,-25771.003846515334,-29367.620215486117,-26672.186422302184,-25610.246125928366,-27734.126718676
-22166.465500188282,-25762.0337559194,-29357.60201165052,-26672.186422302184,-25610.246125928366,-27734.126718676
-22154.141991280834,-25752.941400774776,-29351.74081026872,-26672.186422302184,-25610.246125928366,-27734.126718676
-22142.184210492673,-25743.873969897282,-29345.56372930189,-26672.186422302184,-25610.246125928366,-27734.126718676
-22136.28896054937,-25734.59891402055,-29332.90886749173,-26672.186422302184,-25610.246125928366,-27734.126718676
-22122.258538334103,-25725.47376907441,-29328.68899981472,-26672.186422302184,-25610.246125928366,-27734.126718676
-22114.59836938134,-25716.31779464603,-29318.037219910722,-26672.186422302184,-25610.246125928366,-27734.126718676
-22099.718913879322,-25707.20693473758,-29314.694955595838,-26672.186422302184,-25610.246125928366,-27734.126718676
-22091.018217885623,-25698.122033609605,-29305.225849333587,-26672.186422302184,-25610.246125928366,-27734.126718676
-22083.94963428918,-25689.06574054836,-29294.181846807543,-26672.186422302184,-25610.246125928366,-27734.126718676
-22073.897324140504,-25679.925112278317,-29285.95290041613,-26672.186422302184,-25610.246125928366,-27734.126718676
-22062.430549470933,-25670.696081811173,-29278.961614151413,-26672.186422302184,-25610.246125928366,-27734.126718676
-22053.1167168374,-25661.645979238492,-29270.175241639583,-26672.186422302184,-25610.246125928366,-27734.126718676
-22047.143484736698,-25652.764053142477,-29258.384621548255,-26672.186422302184,-25610.246125928366,-27734.126718676
-22031.948737662857,-25643.93322039753,-29255.9177031322,-26672.186422302184,-25610.246125928366,-27734.126718676
-22014.501839350312,-25634.62444903081,-29254.747058711306,-26672.186422302184,-25610.246125928366,-27734.126718676
-22011.536355827637,-25625.76285794613,-29239.989360064625,-26672.186422302184,-25610.246125928366,-27734.126718676
-21999.349077512386,-25616.817691259672,-29234.286305006957,-26672.186422302184,-25610.246125928366,-27734.126718676
-21987.6796406575,-25607.873689796597,-29228.067738935693,-26672.186422302184,-25610.246125928366,-27734.126718676
-21975.224778216965,-25599.06377897404,-29222.902779731114,-26672.186422302184,-25610.246125928366,-27734.126718676
-21965.697905157765,-25590.223509756604,-29214.749114355443,-26672.186422302184,-25610.246125928366,-27734.126718676
-21950.58977471278,-25581.575745423346,-29212.561716133914,-26672.186422302184,-25610.246125928366,-27734.126718676
-21934.21920158655,-25572.8814916935,-29211.54378180045,-26672.186422302184,-25610.246125928366,-27734.126718676
-21928.0289623479,-25564.12732700485,-29200.225691661803,-26672.186422302184,-25610.246125928366,-27734.126718676
-21912.271332530647,-25555.444362525097,-29198.617392519547,-26672.186422302184,-25610.246125928366,-27734.126718676
-21910.696173384124,-25546.836121831657,-29182.97607027919,-26672.186422302184,-25610.246125928366,-27734.126718676
-21908.061502505116,-25538.057141088026,-29168.052779670936,-26672.186422302184,-25610.246125928366,-27734.126718676
-21896.3829778319,-25529.145822504244,-29161.908667176587,-26672.186422302184,-25610.246125928366,-27734.126718676
-21893.197796257085,-25520.463660896618,-29147.72952553615,-26672.186422302184,-25610.246125928366,-27734.126718676
-21889.888250175904,-25511.782320122325,-29133.676390068747,-26672.186422302184,-25610.246125928366,-27734.126718676
-21878.25847999566,-25503.1044199857,-29127.950359975737,-26672.186422302184,-25610.246125928366,-27734.126718676
-21870.065914813655,-25494.55982661692,-29119.05373842019,-26672.186422302184,-25610.246125928366,-27734.126718676
-21862.163287972588,-25486.17046453032,-29110.177641088056,-26672.186422302184,-25610.246125928366,-27734.126718676
-21858.208495957828,-25477.900881368318,-29097.593266778807,-26672.186422302184,-25610.246125928366,-27734.126718676
-21847.59379478669,-25469.632889354445,-29091.6719839222,-26672.186422302184,-25610.246125928366,-27734.126718676
-21839.23548205064,-25461.3998937867,-29083.56430552276,-26672.186422302184,-25610.246125928366,-27734.126718676
-21831.520111701648,-25453.024473640988,-29074.528835580328,-26672.186422302184,-25610.246125928366,-27734.126718676
-21822.58729040699,-25444.616143010226,-29066.64499561346,-26672.186422302184,-25610.246125928366,-27734.126718676
-21808.29118731696,-25436.223073706566,-29064.15496009617,-26672.186422302184,-25610.246125928366,-27734.126718676
-21796.790532485546,-25427.824595335976,-29058.858658186407,-26672.186422302184,-25610.246125928366,-27734.126718676
-21788.749561459423,-25419.374889951876,-29050.00021844433,-26672.186422302184,-25610.246125928366,-27734.126718676
-21775.975198343825,-25410.883182334266,-29045.791166324707,-26672.186422302184,-25610.246125928366,-27734.126718676
-21772.122963825415,-25402.404929484386,-29032.686895143357,-26672.186422302184,-25610.246125928366,-27734.126718676
-21763.809712241284,-25393.94460455785,-29024.07949687442,-26672.186422302184,-25610.246125928366,-27734.126718676
-21751.793468256757,-25385.39201695393,-29018.990565651104,-26672.186422302184,-25610.246125928366,-27734.126718676
-21738.093043779812,-25376.82252042245,-29015.55199706509,-26672.186422302184,-25610.246125928366,-27734.126718676
-21730.75808422451,-25368.305613412555,-29005.853142600597,-26672.186422302184,-25610.246125928366,-27734.126718676
-21730.793421436043,-25359.55603920037,-28988.3186569647,-26672.186422302184,-25610.246125928366,-27734.126718676
-21720.374560596498,-25350.79142927906,-28981.20829796162,-26672.186422302184,-25610.246125928366,-27734.126718676
-21715.050717416256,-25342.05652874774,-28969.062340079225,-26672.186422302184,-25610.246125928366,-27734.126718676
-21706.45496137552,-25333.46213819986,-28960.4693150242,-26672.186422302184,-25610.246125928366,-27734.126718676
-21695.618802617628,-25324.91244149171,-28954.20608036579,-26672.186422302184,-25610.246125928366,-27734.126718676
-21686.94369580209,-25316.452967995916,-28945.962240189743,-26672.186422302184,-25610.246125928366,-27734.126718676
-21675.280533000074,-25308.10749738207,-28940.934461764064,-26672.186422302184,-25610.246125928366,-27734.126718676
-21667.082367767765,-25299.64228495468,-28932.202202141594,-26672.186422302184,-25610.246125928366,-27734.126718676
-21670.411074246695,-25291.215496005858,-28912.01991776502,-26672.186422302184,-25610.246125928366,-27734.126718676
-21658.640712848126,-25282.783529348162,-28906.9263458482,-26672.186422302184,-25610.246125928366,-27734.126718676
-21654.969261014117,-25274.221438407174,-28893.47361580023,-26672.186422302184,-25610.246125928366,-27734.126718676
-21647.30821155566,-25265.869458897632,-28884.430706239604,-26672.186422302184,-25610.246125928366,-27734.126718676
-21638.6260361177,-25257.566495692452,-28876.506955267203,-26672.186422302184,-25610.246125928366,-27734.126718676
-21630.668814822733,-25249.28683203141,-28867.904849240083,-26672.186422302184,-25610.246125928366,-27734.126718676
-21624.54173676432,-25241.050144868586,-28857.558552972852,-26672.186422302184,-25610.246125928366,-27734.126718676
-21614.096640365467,-25232.941386614053,-28851.78613286264,-26672.186422302184,-25610.246125928366,-27734.126718676
-21607.721912008492,-25224.91341621799,-28842.10492042749,-26672.186422302184,-25610.246125928366,-27734.126718676
-21602.38629145702,-25216.89023907145,-28831.39418668588,-26672.186422302184,-25610.246125928366,-27734.126718676
-21599.838369846784,-25208.855624158048,-28817.872878469312,-26672.186422302184,-25610.246125928366,-27734.126718676
-21594.9815973914,-25200.839634284283,-28806.697671177164,-26672.186422302184,-25610.246125928366,-27734.126718676
-21586.22723396216,-25192.85145307923,-28799.475672196302,-26672.186422302184,-25610.246125928366,-27734.126718676
-21584.44483372112,-25184.899077723898,-28785.353321726674,-26672.186422302184,-25610.246125928366,-27734.126718676
-21578.997514122806,-25176.972345800186,-28774.947177477567,-26672.186422302184,-25610.246125928366,-27734.126718676
-21573.85007974128,-25169.0609528105,-28764.27182587972,-26672.186422302184,-25610.246125928366,-27734.126718676
-21569.744210796194,-25161.149052143206,-28752.553893490218,-26672.186422302184,-25610.246125928366,-27734.126718676
-21559.186866971315,-25153.199299823336,-28747.211732675358,-26672.186422302184,-25610.246125928366,-27734.126718676
-21556.68796603392,-25145.172543732093,-28733.657121430268,-26672.186422302184,-25610.246125928366,-27734.126718676
-21552.566489667126,-25137.093704234547,-28721.620918801967,-26672.186422302184,-25610.246125928366,-27734.126718676
-21545.258063861103,-25129.004330146883,-28712.750596432663,-26672.186422302184,-25610.246125928366,-27734.126718676
-21535.082929771917,-25120.647107432906,-28706.211285093894,-26672.186422302184,-25610.246125928366,-27734.126718676
-21523.642816456526,-25112.26581048782,-28700.888804519116,-26672.186422302184,-25610.246125928366,-27734.126718676
-21517.14529956325,-25103.92685923439,-28690.70841890553,-26672.186422302184,-25610.246125928366,-27734.126718676
-21511.192957777326,-25095.573696815278,-28679.95443585323,-26672.186422302184,-25610.246125928366,-27734.126718676
-21498.97621656049,-25087.162277886277,-28675.34833921206,-26672.186422302184,-25610.246125928366,-27734.126718676
-21486.65359614724,-25078.96075557784,-28671.267915008437,-26672.186422302184,-25610.246125928366,-27734.126718676
-21481.100388674127,-25070.747320496594,-28660.39425231906,-26672.186422302184,-25610.246125928366,-27734.126718676
-21475.32672460748,-25062.5287427781,-28649.73076094872,-26672.186422302184,-25610.246125928366,-27734.126718676
-21466.90030801957,-25054.27081731859,-28641.64132661761,-26672.186422302184,-25610.246125928366,-27734.126718676
-21462.25267849715,-25046.192571920645,-28630.13246534414,-26672.186422302184,-25610.246125928366,-27734.126718676
-21455.53028926627,-25038.302694060745,-28621.07509885522,-26672.186422302184,-25610.246125928366,-27734.126718676
-21448.162353533975,-25030.47090647918,-28612.779459424382,-26672.186422302184,-25610.246125928366,-27734.126718676
-21449.645492335618,-25022.657353199058,-28595.6692140625,-26672.186422302184,-25610.246125928366,-27734.126718676
-21439.302752100117,-25014.94973951252,-28590.596726924927,-26672.186422302184,-25610.246125928366,-27734.126718676
-21432.250670091496,-25007.470581674468,-28582.69049325744,-26672.186422302184,-25610.246125928366,-27734.126718676
-21426.548819291864,-24999.997096484047,-28573.44537367623,-26672.186422302184,-25610.246125928366,-27734.126718676
-21422.33444187629,-24992.600315362844,-28562.8661888494,-26672.186422302184,-25610.246125928366,-27734.126718676
-21418.338862116037,-24985.224128188285,-28552.109394260533,-26672.186422302184,-25610.246125928366,-27734.126718676
-21413.680444659167,-24977.89673131198,-28542.11301796479,-26672.186422302184,-25610.246125928366,-27734.126718676
-21402.259286074725,-24970.657004162706,-28539.054722250687,-26672.186422302184,-25610.246125928366,-27734.126718676
-21394.454252761658,-24963.274253975516,-28532.094255189375,-26672.186422302184,-25610.246125928366,-27734.126718676
-21389.106742924134,-24956.252196992424,-28523.397651060714,-26672.186422302184,-25610.246125928366,-27734.126718676
-21379.354032099072,-24949.264387794956,-28519.17474349084,-26672.186422302184,-25610.246125928366,-27734.126718676
-21367.897260204685,-24942.418821823398,-28516.94038344211,-26672.186422302184,-25610.246125928366,-27734.126718676
-21360.60240885105,-24935.599400305364,-28510.59639175968,-26672.186422302184,-25610.246125928366,-27734.126718676
-21351.374056519275,-24928.882313794235,-28506.390571069194,-26672.186422302184,-25610.246125928366,-27734.126718676
-21349.54982185938,-24922.205645681308,-28494.861469503237,-26672.186422302184,-25610.246125928366,-27734.126718676
-21343.276762280748,-24915.541093321543,-28487.805424362337,-26672.186422302184,-25610.246125928366,-27734.126718676
-21336.104759015318,-24908.876059049762,-28481.647359084207,-26672.186422302184,-25610.246125928366,-27734.126718676
-21329.565504963728,-24902.290168022544,-28475.01483108136,-26672.186422302184,-25610.246125928366,-27734.126718676
-21322.10953954725,-24895.947540794168,-28469.785542041085,-26672.186422302184,-25610.246125928366,-27734.126718676
-21316.299443060223,-24889.586734812478,-28462.874026564732,-26672.186422302184,-25610.246125928366,-27734.126718676
-21311.238174958085,-24883.226388226365,-28455.214601494645,-26672.186422302184,-25610.246125928366,-27734.126718676
-21310.57587767348,-24876.864746028237,-28443.153614382994,-26672.186422302184,-25610.246125928366,-27734.126718676
-21312.72717737322,-24870.939005933506,-28429.15083449379,-26672.186422302184,-25610.246125928366,-27734.126718676
-21308.695376776363,-24865.084035014734,-28421.472693253105,-26672.186422302184,-25610.246125928366,-27734.126718676
-21307.797254070898,-24859.352089982036,-28410.906925893174,-26672.186422302184,-25610.246125928366,-27734.126718676
-21297.951467614206,-24853.6601394574,-28409.368811300592,-26672.186422302184,-25610.246125928366,-27734.126718676
-21291.425775929412,-24847.98584902871,-28404.54592212801,-26672.186422302184,-25610.246125928366,-27734.126718676
-21291.131262998395,-24842.38625964473,-28393.641256291063,-26672.186422302184,-25610.246125928366,-27734.126718676
-21296.490654510006,-24836.758522427423,-28377.02639034484,-26672.186422302184,-25610.246125928366,-27734.126718676
-21291.17556172764,-24831.078596413634,-28370.98163109963,-26672.186422302184,-25610.246125928366,-27734.126718676
-21283.471942210388,-24825.471877770186,-28367.471813329983,-26672.186422302184,-25610.246125928366,-27734.126718676
-21284.62273727328,-24819.945161969405,-28355.26758666553,-26672.186422302184,-25610.246125928366,-27734.126718676
-21275.846157900854,-24814.408640972466,-28352.971124044077,-26672.186422302184,-25610.246125928366,-27734.126718676
-21269.40848402488,-24808.99612800858,-28348.583771992282,-26672.186422302184,-25610.246125928366,-27734.126718676
-21262.459613836556,-24803.71187429735,-28344.964134758146,-26672.186422302184,-25610.246125928366,-27734.126718676
-21257.002582030385,-24798.557100302423,-28340.11161857446,-26672.186422302184,-25610.246125928366,-27734.126718676
-21248.571356319433,-24793.450199790892,-28338.32904326235,-26672.186422302184,-25610.246125928366,-27734.126718676
-21242.763575538404,-24788.345873705905,-28333.928171873406,-26672.186422302184,-25610.246125928366,-27734.126718676
-21237.616858944315,-24783.16063828658,-28328.704417628844,-26672.186422302184,-25610.246125928366,-27734.126718676
-21231.797096111528,-24777.97763382378,-28324.15817153603,-26672.186422302184,-25610.246125928366,-27734.126718676
-21225.68524460235,-24772.77683048695,-28319.868416371548,-26672.186422302184,-25610.246125928366,-27734.126718676
-21222.42278108795,-24767.577316594685,-28312.73185210142,-26672.186422302184,-25610.246125928366,-27734.126718676
-21221.723609177567,-24762.410765379074,-28303.097921580582,-26672.186422302184,-25610.246125928366,-27734.126718676
-21217.863701383074,-24757.39303333253,-28296.922365281986,-26672.186422302184,-25610.246125928366,-27734.126718676
-21213.222200862012,-24752.38770201324,-28291.553203164465,-26672.186422302184,-25610.246125928366,-27734.126718676
-21217.04910300132,-24747.38672847059,-28277.724353939855,-26672.186422302184,-25610.246125928366,-27734.126718676
-21216.945260537694,-24742.492588950456,-28268.039917363218,-26672.186422302184,-25610.246125928366,-27734.126718676
-21216.742722920368,-24737.589449009378,-28258.436175098388,-26672.186422302184,-25610.246125928366,-27734.126718676
-21216.91462295244,-24732.727300815226,-28248.53997867801,-26672.186422302184,-25610.246125928366,-27734.126718676
-21213.489397875743,-24727.73167923176,-28241.97396058778,-26672.186422302184,-25610.246125928366,-27734.126718676
-21218.381401689567,-24722.83605888481,-28227.290716080057,-26672.186422302184,-25610.246125928366,-27734.126718676
-21219.569150473024,-24717.97710792758,-28216.38506538214,-26672.186422302184,-25610.246125928366,-27734.126718676
-21217.17496268065,-24713.100305598367,-28209.025648516086,-26672.186422302184,-25610.246125928366,-27734.126718676
-21212.08635257596,-24708.11154618448,-28204.136739792997,-26672.186422302184,-25610.246125928366,-27734.126718676
-21204.644801425704,-24703.217769509334,-28201.790737592964,-26672.186422302184,-25610.246125928366,-27734.126718676
-21197.01597255034,-24698.336338539102,-28199.656704527864,-26672.186422302184,-25610.246125928366,-27734.126718676
-21191.299976316575,-24693.345330350945,-28195.390684385315,-26672.186422302184,-25610.246125928366,-27734.126718676
-21187.2481866134,-24688.359547078177,-28189.470907542953,-26672.186422302184,-25610.246125928366,-27734.126718676
-21176.499964848823,-24683.29574102978,-28190.091517210734,-26672.186422302184,-25610.246125928366,-27734.126718676
-21171.082682225147,-24678.171891427486,-28185.261100629825,-26672.186422302184,-25610.246125928366,-27734.126718676
-21169.62463043194,-24673.018562479687,-28176.412494527434,-26672.186422302184,-25610.246125928366,-27734.126718676
-21158.085821349065,-24667.821678616518,-28177.55753588397,-26672.186422302184,-25610.246125928366,-27734.126718676
-21153.076152055917,-24662.62362391115,-28172.17109576638,-26672.186422302184,-25610.246125928366,-27734.126718676
-21157.07942982699,-24657.404898547513,-28157.730367268035,-26672.186422302184,-25610.246125928366,-27734.126718676
-21151.608545502902,-24652.315428802336,-28153.02231210177,-26672.186422302184,-25610.246125928366,-27734.126718676
-21141.887137620317,-24647.23646743405,-28152.585797247782,-26672.186422302184,-25610.246125928366,-27734.126718676
-21143.484233440904,-24642.156961943,-28140.829690445098,-26672.186422302184,-25610.246125928366,-27734.126718676
-21136.766307644175,-24637.05384838558,-28137.34138912699,-26672.186422302184,-25610.246125928366,-27734.126718676
-21131.729265383772,-24632.00483888652,-28132.28041238927,-26672.186422302184,-25610.246125928366,-27734.126718676
-21136.94657451581,-24626.89370818699,-28116.840841858175,-26672.186422302184,-25610.246125928366,-27734.126718676
-21128.881440707548,-24621.865536022466,-28114.849631337383,-26672.186422302184,-25610.246125928366,-27734.126718676
-21123.813180041285,-24616.878948073572,-28109.94471610586,-26672.186422302184,-25610.246125928366,-27734.126718676
-21122.83839741157,-24611.957250208405,-28101.076103005238,-26672.186422302184,-25610.246125928366,-27734.126718676
-21116.713007145383,-24607.022151968133,-28097.331296790882,-26672.186422302184,-25610.246125928366,-27734.126718676
-21113.56677825479,-24602.077238016842,-28090.587697778894,-26672.186422302184,-25610.246125928366,-27734.126718676
-21109.507958804887,-24597.14084367883,-28084.773728552773,-26672.186422302184,-25610.246125928366,-27734.126718676
-21105.814710487277,-24592.050181812574,-28078.28565313787,-26672.186422302184,-25610.246125928366,-27734.126718676
-21097.23930630961,-24587.04877694193,-28076.85824757425,-26672.186422302184,-25610.246125928366,-27734.126718676
-21086.151520684463,-24582.20490344523,-28078.258286205993,-26672.186422302184,-25610.246125928366,-27734.126718676
-21082.586502568898,-24577.38076522,-28072.175027871104,-26672.186422302184,-25610.246125928366,-27734.126718676
-21067.36864608373,-24572.574836738415,-28077.7810273931,-26672.186422302184,-25610.246125928366,-27734.126718676
-21065.224878271525,-24567.771551680293,-28070.31822508906,-26672.186422302184,-25610.246125928366,-27734.126718676
-21061.74169120249,-24562.96661367724,-28064.19153615199,-26672.186422302184,-25610.246125928366,-27734.126718676
-21055.69196667659,-24558.469412159586,-28061.24685764258,-26672.186422302184,-25610.246125928366,-27734.126718676
-21050.460669550543,-24553.934379176328,-28057.408088802113,-26672.186422302184,-25610.246125928366,-27734.126718676
-21045.565151956664,-24549.392472460342,-28053.21979296402,-26672.186422302184,-25610.246125928366,-27734.126718676
-21038.607281072735,-24544.857198123227,-28051.10711517372,-26672.186422302184,-25610.246125928366,-27734.126718676
-21036.711230104902,-24540.422911781076,-28044.13459345725,-26672.186422302184,-25610.246125928366,-27734.126718676
-21040.701760165342,-24535.96491133724,-28031.228062509137,-26672.186422302184,-25610.246125928366,-27734.126718676
-21035.01925918643,-24531.512424120734,-28028.00558905504,-26672.186422302184,-25610.246125928366,-27734.126718676
-21024.414067305028,-24527.046244557077,-28029.678421809127,-26672.186422302184,-25610.246125928366,-27734.126718676
-21020.63207229339,-24522.565499973232,-28024.498927653076,-26672.186422302184,-25610.246125928366,-27734.126718676
-21012.6544149177,-24517.923315904103,-28023.192216890508,-26672.186422302184,-25610.246125928366,-27734.126718676
-21009.829110468636,-24513.297996042136,-28016.766881615637,-26672.186422302184,-25610.246125928366,-27734.126718676
-20997.8761217257,-24508.600831052237,-28019.325540378773,-26672.186422302184,-25610.246125928366,-27734.126718676
-20991.588557159033,-24503.94215660453,-28016.29575605003,-26672.186422302184,-25610.246125928366,-27734.126718676
-20989.70637095082,-24499.28018851023,-28008.854006069643,-26672.186422302184,-25610.246125928366,-27734.126718676
-20987.793486582617,-24494.66240330086,-28001.5313200191,-26672.186422302184,-25610.246125928366,-27734.126718676
-20982.36286753358,-24490.05221000311,-27997.74155247264,-26672.186422302184,-25610.246125928366,-27734.126718676
-20976.05044174292,-24485.465830424924,-27994.88121910693,-26672.186422302184,-25610.246125928366,-27734.126718676
-20969.02763967574,-24480.807917183763,-27992.588194691787,-26672.186422302184,-25610.246125928366,-27734.126718676
-20960.619443945285,-24476.093391807633,-27991.567339669982,-26672.186422302184,-25610.246125928366,-27734.126718676
-20955.118418737242,-24471.39041989948,-27987.662421061716,-26672.186422302184,-25610.246125928366,-27734.126718676
-20956.370531827644,-24466.814630655106,-27977.258729482568,-26672.186422302184,-25610.246125928366,-27734.126718676
-20952.958876210607,-24462.146685763408,-27971.33449531621,-26672.186422302184,-25610.246125928366,-27734.126718676
-20951.940802684185,-24457.50116804359,-27963.061533402994,-26672.186422302184,-25610.246125928366,-27734.126718676
-20948.031120182543,-24452.852388480092,-27957.673656777642,-26672.186422302184,-25610.246125928366,-27734.126718676
-20948.534379891324,-24448.155435865505,-27947.776491839686,-26672.186422302184,-25610.246125928366,-27734.126718676
-20941.827402856045,-24443.355845034923,-27944.8842872138,-26672.186422302184,-25610.246125928366,-27734.126718676
-20937.919819841827,-24438.57543183958,-27939.231043837335,-26672.186422302184,-25610.246125928366,-27734.126718676
-20931.117330042507,-24433.811045029466,-27936.504760016425,-26672.186422302184,-25610.246125928366,-27734.126718676
-20932.504017860967,-24428.94225051108,-27925.380483161196,-26672.186422302184,-25610.246125928366,-27734.126718676
-20922.85000988756,-24424.105967657648,-27925.361925427736,-26672.186422302184,-25610.246125928366,-27734.126718676
-20919.200981294947,-24419.27504950316,-27919.349117711376,-26672.186422302184,-25610.246125928366,-27734.126718676
-20916.70506990975,-24414.393571080876,-27912.082072252004,-26672.186422302184,-25610.246125928366,-27734.126718676
-20911.038158659518,-24409.463801817546,-27907.889444975575,-26672.186422302184,-25610.246125928366,-27734.126718676
-20905.225051375724,-24404.544456732263,-27903.8638620888,-26672.186422302184,-25610.246125928366,-27734.126718676
-20900.112920834574,-24399.7226961452,-27899.332471455826,-26672.186422302184,-25610.246125928366,-27734.126718676
-20896.42842363085,-24394.92942448748,-27893.43042534411,-26672.186422302184,-25610.246125928366,-27734.126718676
-20893.252440001022,-24389.92328400562,-27886.59412801022,-26672.186422302184,-25610.246125928366,-27734.126718676
-20895.86382828259,-24384.90803122478,-27873.95223416697,-26672.186422302184,-25610.246125928366,-27734.126718676
-20892.0793275182,-24379.895073300107,-27867.710819082014,-26672.186422302184,-25610.246125928366,-27734.126718676
-20885.186689554557,-24374.882139067977,-27864.577588581396,-26672.186422302184,-25610.246125928366,-27734.126718676
-20876.94648449785,-24369.906493786057,-27862.866503074263,-26672.186422302184,-25610.246125928366,-27734.126718676
-20876.830003937932,-24365.04735471105,-27853.264705484165,-26672.186422302184,-25610.246125928366,-27734.126718676
-20875.438287895115,-24360.11344111748,-27844.788594339843,-26672.186422302184,-25610.246125928366,-27734.126718676
-20869.142927947534,-24355.153459724632,-27841.16399150173,-26672.186422302184,-25610.246125928366,-27734.126718676
-20867.68899666821,-24350.10833317653,-27832.52766968485,-26672.186422302184,-25610.246125928366,-27734.126718676
-20866.507917578154,-24344.95698136693,-27823.406045155705,-26672.186422302184,-25610.246125928366,-27734.126718676
-20869.768292093362,-24339.696016850026,-27809.62374160669,-26672.186422302184,-25610.246125928366,-27734.126718676
-20859.197122346777,-24334.377534583007,-27809.557946819237,-26672.186422302184,-25610.246125928366,-27734.126718676
-20853.328489883283,-24329.062065794697,-27804.79564170611,-26672.186422302184,-25610.246125928366,-27734.126718676
-20853.831994877717,-24323.703081528998,-27793.57416818028,-26672.186422302184,-25610.246125928366,-27734.126718676
-20854.060172325215,-24318.431448562464,-27782.802724799712,-26672.186422302184,-25610.246125928366,-27734.126718676
-20843.22298616915,-24313.135183385624,-27783.0473806021,-26672.186422302184,-25610.246125928366,-27734.126718676
-20838.031676103885,-24307.830405177905,-27777.629134251925,-26672.186422302184,-25610.246125928366,-27734.126718676
-20842.133866734457,-24302.427546958068,-27762.72122718168,-26672.186422302184,-25610.246125928366,-27734.126718676
-20829.08815811944,-24297.017587172748,-27764.947016226055,-26672.186422302184,-25610.246125928366,-27734.126718676
-20825.144101213213,-24291.597965614525,-27758.051830015836,-26672.186422302184,-25610.246125928366,-27734.126718676
-20815.200363010823,-24286.184664709224,-27757.168966407626,-26672.186422302184,-25610.246125928366,-27734.126718676
-20808.50476881503,-24280.66868863226,-27752.83260844949,-26672.186422302184,-25610.246125928366,-27734.126718676
-20803.04904601396,-24275.15114671024,-27747.25324740652,-26672.186422302184,-25610.246125928366,-27734.126718676
-20795.38712639267,-24269.68342032541,-27743.979714258152,-26672.186422302184,-25610.246125928366,-27734.126718676
-20789.058262589908,-24264.142081267986,-27739.225899946065,-26672.186422302184,-25610.246125928366,-27734.126718676
-20788.257265631666,-24258.71902304746,-27729.18078046325,-26672.186422302184,-25610.246125928366,-27734.126718676
-20776.94830292024,-24253.22309204002,-27729.497881159805,-26672.186422302184,-25610.246125928366,-27734.126718676
-20770.77759160324,-24247.72993047118,-27724.682269339122,-26672.186422302184,-25610.246125928366,-27734.126718676
-20768.315898930596,-24242.212565700083,-27716.10923246957,-26672.186422302184,-25610.246125928366,-27734.126718676
-20769.832700556763,-24236.817618607678,-27703.802536658593,-26672.186422302184,-25610.246125928366,-27734.126718676
-20767.76721434819,-24231.54160186482,-27695.31598938145,-26672.186422302184,-25610.246125928366,-27734.126718676
-20761.337288158295,-24226.245883409178,-27691.15447866006,-26672.186422302184,-25610.246125928366,-27734.126718676
-20752.82569292191,-24221.037797086858,-27689.249901251806,-26672.186422302184,-25610.246125928366,-27734.126718676
-20749.591171876305,-24215.823884862464,-27682.056597848623,-26672.186422302184,-25610.246125928366,-27734.126718676
-20746.870468338097,-24210.750260257922,-27674.63005217775,-26672.186422302184,-25610.246125928366,-27734.126718676
-20735.157618666293,-24205.62013099924,-27676.082643332185,-26672.186422302184,-25610.246125928366,-27734.126718676
-20721.28372583208,-24200.522851927384,-27679.76197802269,-26672.186422302184,-25610.246125928366,-27734.126718676
-20715.62906895107,-24195.59489364452,-27675.56071833797,-26672.186422302184,-25610.246125928366,-27734.126718676
-20701.922466964734,-24190.57794840638,-27679.233429848024,-26672.186422302184,-25610.246125928366,-27734.126718676
-20694.139785121366,-24185.578445855946,-27677.017106590527,-26672.186422302184,-25610.246125928366,-27734.126718676
-20687.041800278632,-24180.535758146572,-27674.029716014513,-26672.186422302184,-25610.246125928366,-27734.126718676
-20686.043432695686,-24175.465561468205,-27664.887690240725,-26672.186422302184,-25610.246125928366,-27734.126718676
-20680.294641089098,-24170.379489256295,-27660.46433742349,-26672.186422302184,-25610.246125928366,-27734.126718676
-20675.522080075196,-24165.29724327487,-27655.07240647454,-26672.186422302184,-25610.246125928366,-27734.126718676
-20667.04333285635,-24160.186358873583,-27653.329384890818,-26672.186422302184,-25610.246125928366,-27734.126718676
-20660.808921230968,-24154.992433353756,-27649.175945476545,-26672.186422302184,-25610.246125928366,-27734.126718676
-20656.53592471042,-24149.81092140792,-27643.08591810542,-26672.186422302184,-25610.246125928366,-27734.126718676
-20651.88602709479,-24144.667540894192,-27637.449054693592,-26672.186422302184,-25610.246125928366,-27734.126718676
-20642.80041408444,-24139.547016471948,-27636.293618859458,-26672.186422302184,-25610.246125928366,-27734.126718676
-20638.807466051425,-24134.439155660413,-27630.0708452694,-26672.186422302184,-25610.246125928366,-27734.126718676
-20632.20598934593,-24129.41124106431,-27626.61649278269,-26672.186422302184,-25610.246125928366,-27734.126718676
-20629.68546165167,-24124.344724521674,-27619.00398739168,-26672.186422302184,-25610.246125928366,-27734.126718676
-20625.01812454732,-24119.42887198706,-27613.8396194268,-26672.186422302184,-25610.246125928366,-27734.126718676
-20619.461231166315,-24114.476678180003,-27609.49212519369,-26672.186422302184,-25610.246125928366,-27734.126718676
-20614.56040679491,-24109.458249561485,-27604.35609232806,-26672.186422302184,-25610.246125928366,-27734.126718676
-20609.346227768685,-24104.33894891819,-27599.331670067695,-26672.186422302184,-25610.246125928366,-27734.126718676
-20608.598777724128,-24099.215741851665,-27589.832705979203,-26672.186422302184,-25610.246125928366,-27734.126718676
-20605.37953248563,-24094.033684841583,-27582.687837197536,-26672.186422302184,-25610.246125928366,-27734.126718676
-20598.91789416212,-24088.8731483407,-27578.828402519277,-26672.186422302184,-25610.246125928366,-27734.126718676
-20591.026411818035,-24083.694108030086,-27576.361804242137,-26672.186422302184,-25610.246125928366,-27734.126718676
-20588.16430711423,-24078.524607423933,-27568.884907733634,-26672.186422302184,-25610.246125928366,-27734.126718676
-20585.50730467783,-24073.323835652882,-27561.140366627933,-26672.186422302184,-25610.246125928366,-27734.126718676
-20577.00324814675,-24068.06493619984,-27559.12662425293,-26672.186422302184,-25610.246125928366,-27734.126718676
-20572.838120144515,-24062.810160440873,-27552.78220073723,-26672.186422302184,-25610.246125928366,-27734.126718676
-20567.635393272267,-24057.501129368084,-27547.3668654639,-26672.186422302184,-25610.246125928366,-27734.126718676
-20566.76998832208,-24052.167756837633,-27537.565525353184,-26672.186422302184,-25610.246125928366,-27734.126718676
-20563.258207855833,-24046.890136748352,-27530.52206564087,-26672.186422302184,-25610.246125928366,-27734.126718676
-20556.67740162685,-24041.64786096556,-27526.61832030427,-26672.186422302184,-25610.246125928366,-27734.126718676
-20555.51846576952,-24036.583984114706,-27517.64950245989,-26672.186422302184,-25610.246125928366,-27734.126718676
-20545.740138788806,-24031.438043182836,-27517.135947576866,-26672.186422302184,-25610.246125928366,-27734.126718676
-20546.999780646503,-24026.270115480307,-27505.54045031411,-26672.186422302184,-25610.246125928366,-27734.126718676
-20545.761637383443,-24021.10594171882,-27496.450246054195,-26672.186422302184,-25610.246125928366,-27734.126718676
-20538.24146754427,-24015.94666403965,-27493.65186053503,-26672.186422302184,-25610.246125928366,-27734.126718676
-20536.518463736775,-24010.60221262175,-27484.685961506726,-26672.186422302184,-25610.246125928366,-27734.126718676
-20528.450804863664,-24005.228656534637,-27482.00650820561,-26672.186422302184,-25610.246125928366,-27734.126718676
-20520.875178172322,-23999.77217138426,-27478.669164596195,-26672.186422302184,-25610.246125928366,-27734.126718676
-20518.18005567551,-23994.402581771632,-27470.625107867752,-26672.186422302184,-25610.246125928366,-27734.126718676
-20510.449705765997,-23989.047870106115,-27467.646034446232,-26672.186422302184,-25610.246125928366,-27734.126718676
-20502.12945133377,-23983.73575848897,-27465.342065644167,-26672.186422302184,-25610.246125928366,-27734.126718676
-20497.044915136637,-23978.40498606612,-27459.765056995606,-26672.186422302184,-25610.246125928366,-27734.126718676
-20492.620057847904,-23973.149294079518,-27453.678530311132,-26672.186422302184,-25610.246125928366,-27734.126718676
-20487.12408091789,-23967.583763009323,-27448.043445100757,-26672.186422302184,-25610.246125928366,-27734.126718676
-20484.50951596876,-23962.04126841732,-27439.573020865882,-26672.186422302184,-25610.246125928366,-27734.126718676
-20482.70579071894,-23956.32010243293,-27429.934414146916,-26672.186422302184,-25610.246125928366,-27734.126718676
-20479.11832153271,-23950.695508365305,-27422.2726951979,-26672.186422302184,-25610.246125928366,-27734.126718676
-20472.814983301058,-23945.061052202178,-27417.3071211033,-26672.186422302184,-25610.246125928366,-27734.126718676
-20468.591470356583,-23939.401500281812,-27410.21153020704,-26672.186422302184,-25610.246125928366,-27734.126718676
-20463.063973536886,-23933.813142959123,-27404.56231238136,-26672.186422302184,-25610.246125928366,-27734.126718676
-20460.243165328302,-23928.15670080769,-27396.070236287076,-26672.186422302184,-25610.246125928366,-27734.126718676
-20455.617247375114,-23922.31851135603,-27389.019775336943,-26672.186422302184,-25610.246125928366,-27734.126718676
-20453.550770176924,-23916.47731193115,-27379.403853685377,-26672.186422302184,-25610.246125928366,-27734.126718676
-20446.90107827403,-23910.642644305193,-27374.384210336357,-26672.186422302184,-25610.246125928366,-27734.126718676
-20444.386055484523,-23904.763346840802,-27365.14063819708,-26672.186422302184,-25610.246125928366,-27734.126718676
-20439.307895007645,-23898.826767583596,-27358.345640159547,-26672.186422302184,-25610.246125928366,-27734.126718676
-20436.68048084667,-23892.890775928194,-27349.101071009718,-26672.186422302184,-25610.246125928366,-27734.126718676
-20432.139830478118,-23886.941776151394,-27341.74372182467,-26672.186422302184,-25610.246125928366,-27734.126718676
-20425.06218585895,-23880.89480070241,-27336.727415545865,-26672.186422302184,-25610.246125928366,-27734.126718676
-20417.999271812096,-23874.8319231754,-27331.664574538703,-26672.186422302184,-25610.246125928366,-27734.126718676
-20411.985299788063,-23868.705198733427,-27325.42509767879,-26672.186422302184,-25610.246125928366,-27734.126718676
-20409.98026690456,-23862.5599726619,-27315.13967841924,-26672.186422302184,-25610.246125928366,-27734.126718676
-20410.775750884786,-23856.376661247567,-27301.977571610347,-26672.186422302184,-25610.246125928366,-27734.126718676
-20404.16208010305,-23850.21242066752,-27296.262761231992,-26672.186422302184,-25610.246125928366,-27734.126718676
-20404.27276684213,-23844.11626587947,-27283.959764916814,-26672.186422302184,-25610.246125928366,-27734.126718676
-20396.212781560575,-23838.09785597565,-27279.982930390728,-26672.186422302184,-25610.246125928366,-27734.126718676
-20385.37430169023,-23832.22111099541,-27279.067920300593,-26672.186422302184,-25610.246125928366,-27734.126718676
-20374.232416482086,-23826.466651702573,-27278.70088692306,-26672.186422302184,-25610.246125928366,-27734.126718676
-20372.785036337267,-23820.649388545706,-27268.513740754144,-26672.186422302184,-25610.246125928366,-27734.126718676
-20365.13570535689,-23814.811086717793,-27264.486468078696,-26672.186422302184,-25610.246125928366,-27734.126718676
-20354.597995040764,-23808.968102358052,-27263.33820967534,-26672.186422302184,-25610.246125928366,-27734.126718676
-20348.115285911666,-23802.966157831328,-27257.81702975099,-26672.186422302184,-25610.246125928366,-27734.126718676
-20345.839170001338,-23796.966670712452,-27248.094171423567,-26672.186422302184,-25610.246125928366,-27734.126718676
-20340.86476751582,-23790.91090227331,-27240.9570370308,-26672.186422302184,-25610.246125928366,-27734.126718676
-20331.581668260507,-23784.957205599054,-27238.3327429376,-26672.186422302184,-25610.246125928366,-27734.126718676
-20328.8318814975,-23779.008666669666,-27229.185451841833,-26672.186422302184,-25610.246125928366,-27734.126718676
-20321.435157063657,-23773.042757056577,-27224.650357049497,-26672.186422302184,-25610.246125928366,-27734.126718676
-20315.74436203114,-23767.062441689126,-27218.380521347113,-26672.186422302184,-25610.246125928366,-27734.126718676
-20306.27631869068,-23761.21293170296,-27216.14954471524,-26672.186422302184,-25610.246125928366,-27734.126718676
-20302.959441017105,-23755.277573802596,-27207.595706588087,-26672.186422302184,-25610.246125928366,-27734.126718676
-20300.421413909793,-23749.34418604139,-27198.26695817299,-26672.186422302184,-25610.246125928366,-27734.126718676
-20291.763612209274,-23743.45514756119,-27195.14668291311,-26672.186422302184,-25610.246125928366,-27734.126718676
-20280.823001096447,-23737.50432692989,-27194.185652763335,-26672.186422302184,-25610.246125928366,-27734.126718676
-20269.957236325805,-23731.485680336467,-27193.01412434713,-26672.186422302184,-25610.246125928366,-27734.126718676
-20261.15350053035,-23725.52381173596,-27189.89412294157,-26672.186422302184,-25610.246125928366,-27734.126718676
-20253.08369291289,-23719.583946096314,-27186.08419927974,-26672.186422302184,-25610.246125928366,-27734.126718676
-20243.482081580914,-23713.534441460313,-27183.586801339712,-26672.186422302184,-25610.246125928366,-27734.126718676
-20235.513226665505,-23707.459468034245,-27179.405709402985,-26672.186422302184,-25610.246125928366,-27734.126718676
-20234.282519575998,-23701.378869025713,-27168.47521847543,-26672.186422302184,-25610.246125928366,-27734.126718676
-20234.988781178603,-23695.324752206503,-27155.660723234403,-26672.186422302184,-25610.246125928366,-27734.126718676
-20229.023977873647,-23689.18276510782,-27149.341552341994,-26672.186422302184,-25610.246125928366,-27734.126718676
-20225.798986703172,-23682.960878558173,-27140.122770413174,-26672.186422302184,-25610.246125928366,-27734.126718676
-20226.478945142226,-23676.789107785276,-27127.099270428327,-26672.186422302184,-25610.246125928366,-27734.126718676
-20222.388830490516,-23670.559963232947,-27118.731095975378,-26672.186422302184,-25610.246125928366,-27734.126718676
-20229.259534408313,-23664.324096909644,-27099.388659410975,-26672.186422302184,-25610.246125928366,-27734.126718676
-20231.90892254233,-23658.191469189886,-27084.47401583744,-26672.186422302184,-25610.246125928366,-27734.126718676
-20224.884106558835,-23652.083884134914,-27079.283661710993,-26672.186422302184,-25610.246125928366,-27734.126718676
-20220.973507096984,-23645.936525931596,-27070.89954476621,-26672.186422302184,-25610.246125928366,-27734.126718676
-20215.74271844115,-23639.630321626795,-27063.51792481244,-26672.186422302184,-25610.246125928366,-27734.126718676
-20206.38778284357,-23633.32443714775,-27060.26109145193,-26672.186422302184,-25610.246125928366,-27734.126718676
-20200.6211400037,-23627.0181727108,-27053.4152054179,-26672.186422302184,-25610.246125928366,-27734.126718676
-20196.82119274326,-23620.71569323511,-27044.61019372696,-26672.186422302184,-25610.246125928366,-27734.126718676
-20192.470313881855,-23614.600636463358,-27036.73095904486,-26672.186422302184,-25610.246125928366,-27734.126718676
-20188.254703479353,-23608.248479298974,-27028.242255118595,-26672.186422302184,-25610.246125928366,-27734.126718676
-20183.739975266453,-23601.88871463653,-27020.037454006608,-26672.186422302184,-25610.246125928366,-27734.126718676
-20178.03688003635,-23595.474977293066,-27012.913074549782,-26672.186422302184,-25610.246125928366,-27734.126718676
-20172.585688018316,-23589.061451691887,-27005.537215365457,-26672.186422302184,-25610.246125928366,-27734.126718676
-20173.23534799705,-23582.565427868263,-26991.895507739475,-26672.186422302184,-25610.246125928366,-27734.126718676
-20164.921359229415,-23576.10993502777,-26987.298510826124,-26672.186422302184,-25610.246125928366,-27734.126718676
-20153.06461535501,-23569.51069373907,-26985.95677212313,-26672.186422302184,-25610.246125928366,-27734.126718676
-20152.85044422496,-23562.94211460597,-26973.033784986976,-26672.186422302184,-25610.246125928366,-27734.126718676
-20153.46100552073,-23556.4168102728,-26959.37261502487,-26672.186422302184,-25610.246125928366,-27734.126718676
-20150.770537881348,-23550.016379617926,-26949.262221354504,-26672.186422302184,-25610.246125928366,-27734.126718676
-20148.532459051872,-23543.683779272764,-26938.835099493655,-26672.186422302184,-25610.246125928366,-27734.126718676
-20141.065044292835,-23537.395211914332,-26933.72537953583,-26672.186422302184,-25610.246125928366,-27734.126718676
-20132.054343073298,-23531.109417720898,-26930.164492368498,-26672.186422302184,-25610.246125928366,-27734.126718676
-20126.063736107546,-23524.697154581096,-26923.330573054645,-26672.186422302184,-25610.246125928366,-27734.126718676
-20121.61979691469,-23518.202905851336,-26914.786014787984,-26672.186422302184,-25610.246125928366,-27734.126718676
-20117.953642073346,-23511.70119086376,-26905.448739654177,-26672.186422302184,-25610.246125928366,-27734.126718676
-20115.864425971464,-23505.168249918835,-26894.472073866207,-26672.186422302184,-25610.246125928366,-27734.126718676
-20109.172909253575,-23498.62333720129,-26888.073765149005,-26672.186422302184,-25610.246125928366,-27734.126718676
-20104.43340615715,-23492.12254228568,-26879.81167841421,-26672.186422302184,-25610.246125928366,-27734.126718676
-20101.376953788433,-23485.61871107979,-26869.86046837115,-26672.186422302184,-25610.246125928366,-27734.126718676
-20095.782040906695,-23479.027517509847,-26862.272994113,-26672.186422302184,-25610.246125928366,-27734.126718676
-20087.48338657675,-23472.219880733395,-26856.95637489004,-26672.186422302184,-25610.246125928366,-27734.126718676
-20077.251737935403,-23465.490300613674,-26853.728863291944,-26672.186422302184,-25610.246125928366,-27734.126718676
-20074.815490624962,-23458.772187871575,-26842.728885118187,-26672.186422302184,-25610.246125928366,-27734.126718676
-20067.920180947534,-23452.113232281332,-26836.30628361513,-26672.186422302184,-25610.246125928366,-27734.126718676
-20057.443672372356,-23445.388058419398,-26833.33244446644,-26672.186422302184,-25610.246125928366,-27734.126718676
-20051.754079436607,-23438.50375034761,-26825.25342125861,-26672.186422302184,-25610.246125928366,-27734.126718676
-20038.188360358396,-23431.595607881973,-26825.00285540555,-26672.186422302184,-25610.246125928366,-27734.126718676
-20037.311755024777,-23424.653590207814,-26811.99542539085,-26672.186422302184,-25610.246125928366,-27734.126718676
-20032.936414872613,-23417.73387276323,-26802.53133065385,-26672.186422302184,-25610.246125928366,-27734.126718676
-20024.391745125067,-23410.692789260705,-26796.993833396344,-26672.186422302184,-25610.246125928366,-27734.126718676
-20020.33357894193,-23403.70218274761,-26787.07078655329,-26672.186422302184,-25610.246125928366,-27734.126718676
-20022.362721334815,-23396.72480772044,-26771.08689410606,-26672.186422302184,-25610.246125928366,-27734.126718676
-20008.01506027313,-23389.688751181795,-26771.36244209046,-26672.186422302184,-25610.246125928366,-27734.126718676
-20000.942442928303,-23382.65621552465,-26764.369988120998,-26672.186422302184,-25610.246125928366,-27734.126718676
-19994.61872617317,-23375.912175187706,-26757.205624202245,-26672.186422302184,-25610.246125928366,-27734.126718676
-19986.260816544003,-23369.127522717277,-26751.99422889055,-26672.186422302184,-25610.246125928366,-27734.126718676
-19975.531307506546,-23362.56607224678,-26749.600836987014,-26672.186422302184,-25610.246125928366,-27734.126718676
-19972.886061511286,-23355.958669685017,-26739.031277858747,-26672.186422302184,-25610.246125928366,-27734.126718676
-19966.979545300528,-23348.98047030089,-26730.98139530125,-26672.186422302184,-25610.246125928366,-27734.126718676
-19955.040429156015,-23341.74389583549,-26728.447362514966,-26672.186422302184,-25610.246125928366,-27734.126718676
-19944.809628361647,-23334.54516717228,-26724.280705982914,-26672.186422302184,-25610.246125928366,-27734.126718676
-19945.102930462355,-23327.38245714972,-26709.661983837086,-26672.186422302184,-25610.246125928366,-27734.126718676
-19935.49521754632,-23320.36436824018,-26705.233518934045,-26672.186422302184,-25610.246125928366,-27734.126718676
-19920.251777972655,-23313.29450403039,-26706.337230088124,-26672.186422302184,-25610.246125928366,-27734.126718676
-19917.869154674692,-23306.057206129102,-26694.245257583512,-26672.186422302184,-25610.246125928366,-27734.126718676
-19906.045372698452,-23298.854913355448,-26691.664454012443,-26672.186422302184,-25610.246125928366,-27734.126718676
-19892.55401855315,-23291.606008719576,-26690.657998886003,-26672.186422302184,-25610.246125928366,-27734.126718676
-19887.07043698161,-23284.345923068006,-26681.621409154402,-26672.186422302184,-25610.246125928366,-27734.126718676
-19881.805432417776,-23277.174513376303,-26672.54359433483,-26672.186422302184,-25610.246125928366,-27734.126718676
-19874.118791586086,-23270.048648192787,-26665.97850479949,-26672.186422302184,-25610.246125928366,-27734.126718676
-19868.88118276353,-23262.937082393793,-26656.992982024058,-26672.186422302184,-25610.246125928366,-27734.126718676
-19861.036901214873,-23255.88181292309,-26650.726724631306,-26672.186422302184,-25610.246125928366,-27734.126718676
-19848.611068422033,-23248.679034267814,-26648.747000113595,-26672.186422302184,-25610.246125928366,-27734.126718676
-19833.190470976562,-23241.485686161068,-26649.780901345574,-26672.186422302184,-25610.246125928366,-27734.126718676
-19821.190649062897,-23234.303851726258,-26647.417054389618,-26672.186422302184,-25610.246125928366,-27734.126718676
-19812.779376883213,-23227.092538934496,-26641.40570098578,-26672.186422302184,-25610.246125928366,-27734.126718676
-19808.198058330097,-23219.902680125353,-26631.60730192061,-26672.186422302184,-25610.246125928366,-27734.126718676
-19799.454968937272,-23212.73693194636,-26626.01889495545,-26672.186422302184,-25610.246125928366,-27734.126718676
-19790.727412260814,-23205.50832904536,-26620.289245829903,-26672.186422302184,-25610.246125928366,-27734.126718676
-19780.20423467904,-23198.3903959207,-26616.576557162356,-26672.186422302184,-25610.246125928366,-27734.126718676
-19778.54498190338,-23191.165687768607,-26603.786393633836,-26672.186422302184,-25610.246125928366,-27734.126718676
-19773.99971503804,-23183.97326034293,-26593.946805647818,-26672.186422302184,-25610.246125928366,-27734.126718676
-19765.221947841932,-23176.921483554517,-26588.621019267102,-26672.186422302184,-25610.246125928366,-27734.126718676
-19765.90653179347,-23169.868656729406,-26573.830781665343,-26672.186422302184,-25610.246125928366,-27734.126718676
-19756.13719788331,-23162.788696071475,-26569.44019425964,-26672.186422302184,-25610.246125928366,-27734.126718676
-19747.826915981743,-23155.647387568948,-26563.467859156153,-26672.186422302184,-25610.246125928366,-27734.126718676
-19741.9135164594,-23148.469375447192,-26555.025234434983,-26672.186422302184,-25610.246125928366,-27734.126718676
-19731.859384315176,-23141.335054151405,-26550.810723987634,-26672.186422302184,-25610.246125928366,-27734.126718676
-19730.04313522511,-23134.203674281827,-26538.364213338544,-26672.186422302184,-25610.246125928366,-27734.126718676
-19719.019844381375,-23127.07015221206,-26535.120460042748,-26672.186422302184,-25610.246125928366,-27734.126718676
-19711.69407061746,-23120.02867892425,-26528.363287231037,-26672.186422302184,-25610.246125928366,-27734.126718676
-19703.037506024713,-23112.982048703176,-26522.926591381638,-26672.186422302184,-25610.246125928366,-27734.126718676
-19699.469931496995,-23105.953089778344,-26512.436248059694,-26672.186422302184,-25610.246125928366,-27734.126718676
-19690.892834482645,-23098.947963753333,-26507.00309302402,-26672.186422302184,-25610.246125928366,-27734.126718676
-19693.114468861473,-23092.029749516452,-26490.94503017143,-26672.186422302184,-25610.246125928366,-27734.126718676
-19686.946467059046,-23085.13022048552,-26483.313973911994,-26672.186422302184,-25610.246125928366,-27734.126718676
-19677.897086295885,-23078.222604772418,-26478.54812324895,-26672.186422302184,-25610.246125928366,-27734.126718676
-19671.516684782953,-23071.45677218748,-26471.39685959201,-26672.186422302184,-25610.246125928366,-27734.126718676
-19663.39950385259,-23064.403471806694,-26465.4074397608,-26672.186422302184,-25610.246125928366,-27734.126718676
-19654.718616547572,-23057.280246864302,-26459.841877181032,-26672.186422302184,-25610.246125928366,-27734.126718676
-19647.31238045585,-23050.15986766915,-26453.00735488245,-26672.186422302184,-25610.246125928366,-27734.126718676
-19645.33775055015,-23043.073235126147,-26440.808719702145,-26672.186422302184,-25610.246125928366,-27734.126718676
-19636.761354653783,-23036.069943051385,-26435.378531448987,-26672.186422302184,-25610.246125928366,-27734.126718676
-19629.66033926169,-23029.074655214878,-26428.488971168066,-26672.186422302184,-25610.246125928366,-27734.126718676
-19630.70846697293,-23022.09836102113,-26413.48825506933,-26672.186422302184,-25610.246125928366,-27734.126718676
-19625.408044135056,-23014.918700240007,-26404.429356344957,-26672.186422302184,-25610.246125928366,-27734.126718676
-19617.67340906593,-23007.73561340989,-26397.797817753853,-26672.186422302184,-25610.246125928366,-27734.126718676
-19610.51729318389,-23000.343021970944,-26390.168750758,-26672.186422302184,-25610.246125928366,-27734.126718676
-19607.14417051847,-22993.04986885504,-26378.95556719161,-26672.186422302184,-25610.246125928366,-27734.126718676
-19597.16075728532,-22985.870413018925,-26374.58006875253,-26672.186422302184,-25610.246125928366,-27734.126718676
-19590.731230854584,-22978.59196818827,-26366.452705521955,-26672.186422302184,-25610.246125928366,-27734.126718676
-19582.369267938255,-22971.31585515933,-26360.262442380405,-26672.186422302184,-25610.246125928366,-27734.126718676
-19572.89152141085,-22964.060875609328,-26355.230229807807,-26672.186422302184,-25610.246125928366,-27734.126718676
-19565.90680842237,-22956.64695656078,-26347.38710469919,-26672.186422302184,-25610.246125928366,-27734.126718676
-19557.916622222125,-22949.279786289222,-26340.64295035632,-26672.186422302184,-25610.246125928366,-27734.126718676
-19548.139922420487,-22941.809934518304,-26335.47994661612,-26672.186422302184,-25610.246125928366,-27734.126718676
-19541.63841793883,-22934.297349362816,-26326.956280786802,-26672.186422302184,-25610.246125928366,-27734.126718676
-19530.901302102142,-22926.786014032412,-26322.670725962682,-26672.186422302184,-25610.246125928366,-27734.126718676
-19515.154398688683,-22919.295449072382,-26323.436499456082,-26672.186422302184,-25610.246125928366,-27734.126718676
-19508.50361377941,-22911.708056094234,-26314.91249840906,-26672.186422302184,-25610.246125928366,-27734.126718676
-19505.196228248486,-22904.238990678023,-26303.28175310756,-26672.186422302184,-25610.246125928366,-27734.126718676
-19500.98552746663,-22896.714389812852,-26292.443252159075,-26672.186422302184,-25610.246125928366,-27734.126718676
-19486.226742746432,-22889.175638432134,-26292.124534117836,-26672.186422302184,-25610.246125928366,-27734.126718676
-19478.72093665415,-22881.545369182688,-26284.369801711226,-26672.186422302184,-25610.246125928366,-27734.126718676
-19472.23199424011,-22873.88629759443,-26275.540600948745,-26672.186422302184,-25610.246125928366,-27734.126718676
-19460.02902754886,-22866.285224078514,-26272.54142060817,-26672.186422302184,-25610.246125928366,-27734.126718676
-19457.18054881769,-22858.562505971957,-26259.944463126223,-26672.186422302184,-25610.246125928366,-27734.126718676
-19460.120323644864,-22850.634493977952,-26241.14866431104,-26672.186422302184,-25610.246125928366,-27734.126718676
-19449.6968695696,-22842.711297432532,-26235.725725295462,-26672.186422302184,-25610.246125928366,-27734.126718676
-19437.46835306677,-22834.769248825873,-26232.070144584974,-26672.186422302184,-25610.246125928366,-27734.126718676
-19424.657204007384,-22826.76423911697,-26228.871274226552,-26672.186422302184,-25610.246125928366,-27734.126718676
-19413.518245549363,-22818.389549060972,-26223.26085257258,-26672.186422302184,-25610.246125928366,-27734.126718676
-19403.681136004143,-22809.82619755023,-26215.971259096314,-26672.186422302184,-25610.246125928366,-27734.126718676
-19389.221987883226,-22800.858953199768,-26212.49591851631,-26672.186422302184,-25610.246125928366,-27734.126718676
-19385.321202027644,-22791.72910349198,-26198.137004956316,-26672.186422302184,-25610.246125928366,-27734.126718676
-19381.373778303037,-22782.81701364488,-26184.26024898672,-26672.186422302184,-25610.246125928366,-27734.126718676
-19376.328037559368,-22773.784001994816,-26171.239966430265,-26672.186422302184,-25610.246125928366,-27734.126718676
-19368.099984257726,-22764.816064185336,-26161.532144112945,-26672.186422302184,-25610.246125928366,-27734.126718676
-19355.668467338663,-22755.82458774979,-26155.980708160918,-26672.186422302184,-25610.246125928366,-27734.126718676
-19351.16998102747,-22746.833398783274,-26142.49681653908,-26672.186422302184,-25610.246125928366,-27734.126718676
-19345.76452478334,-22737.99927743713,-26130.234030090924,-26672.186422302184,-25610.246125928366,-27734.126718676
-19342.683630568878,-22729.233696954725,-26115.783763340572,-26672.186422302184,-25610.246125928366,-27734.126718676
-19335.137696394784,-22720.13594490605,-26105.134193417318,-26672.186422302184,-25610.246125928366,-27734.126718676
-19327.721523897522,-22711.077819231945,-26094.434114566367,-26672.186422302184,-25610.246125928366,-27734.126718676
-19321.02747553445,-22702.070416660332,-26083.113357786213,-26672.186422302184,-25610.246125928366,-27734.126718676
-19315.749638816174,-22692.99791920286,-26070.246199589543,-26672.186422302184,-25610.246125928366,-27734.126718676
-19304.80349814319,-22683.689668134113,-26062.575838125038,-26672.186422302184,-25610.246125928366,-27734.126718676
-19296.93005820617,-22674.426916416025,-26051.92377462588,-26672.186422302184,-25610.246125928366,-27734.126718676
-19286.342071114694,-22664.963486419187,-26043.58490172368,-26672.186422302184,-25610.246125928366,-27734.126718676
-19281.94991771595,-22655.566571723004,-26029.18322573006,-26672.186422302184,-25610.246125928366,-27734.126718676
-19277.155652425456,-22646.116429230904,-26015.077206036352,-26672.186422302184,-25610.246125928366,-27734.126718676
-19270.616510113752,-22636.65897553351,-26002.70144095327,-26672.186422302184,-25610.246125928366,-27734.126718676
-19262.641242634836,-22627.233624772987,-25991.82600691114,-26672.186422302184,-25610.246125928366,-27734.126718676
-19249.50472463398,-22618.110638076232,-25986.716551518486,-26672.186422302184,-25610.246125928366,-27734.126718676
-19245.880026302955,-22609.229119134663,-25972.57821196637,-26672.186422302184,-25610.246125928366,-27734.126718676
-19237.022557460845,-22600.121564206333,-25963.22057095182,-26672.186422302184,-25610.246125928366,-27734.126718676
-19225.364212570912,-22591.04524520813,-25956.726277845348,-26672.186422302184,-25610.246125928366,-27734.126718676
-19222.09356821709,-22582.017284783065,-25941.94100134904,-26672.186422302184,-25610.246125928366,-27734.126718676
-19215.97363603473,-22573.115357473285,-25930.25707891184,-26672.186422302184,-25610.246125928366,-27734.126718676
-19206.247234123002,-22564.33944911728,-25922.43166411156,-26672.186422302184,-25610.246125928366,-27734.126718676
-19197.87623906274,-22555.575506547662,-25913.274774032583,-26672.186422302184,-25610.246125928366,-27734.126718676
-19185.65872704657,-22546.849184837567,-25908.039642628562,-26672.186422302184,-25610.246125928366,-27734.126718676
-19167.671241641277,-22538.09232781883,-25908.513413996385,-26672.186422302184,-25610.246125928366,-27734.126718676
-19161.893498801233,-22529.236692493134,-25896.579886185034,-26672.186422302184,-25610.246125928366,-27734.126718676
-19153.04770200817,-22520.40156528297,-25887.755428557768,-26672.186422302184,-25610.246125928366,-27734.126718676
-19141.95214543293,-22511.316435839628,-25880.680726246326,-26672.186422302184,-25610.246125928366,-27734.126718676
-19133.7247920519,-22502.194767636407,-25870.664743220914,-26672.186422302184,-25610.246125928366,-27734.126718676
-19130.21727386962,-22493.241856655797,-25856.266439441973,-26672.186422302184,-25610.246125928366,-27734.126718676
-19129.869954798363,-22484.341975489304,-25838.813996180244,-26672.186422302184,-25610.246125928366,-27734.126718676
-19125.550763229046,-22475.461041820417,-25825.37132041179,-26672.186422302184,-25610.246125928366,-27734.126718676
-19115.593565866293,-22466.598841820403,-25817.604117774514,-26672.186422302184,-25610.246125928366,-27734.126718676
-19108.805720074302,-22457.695653705046,-25806.58558733579,-26672.186422302184,-25610.246125928366,-27734.126718676
-19103.16240808499,-22448.80078794461,-25794.439167804227,-26672.186422302184,-25610.246125928366,-27734.126718676
-19095.908979308944,-22439.77011512494,-25783.631250940933,-26672.186422302184,-25610.246125928366,-27734.126718676
-19088.575251012655,-22430.67619111785,-25772.777131223047,-26672.186422302184,-25610.246125928366,-27734.126718676
-19074.334470880403,-22421.70022377154,-25769.065976662674,-26672.186422302184,-25610.246125928366,-27734.126718676
-19068.885449838985,-22412.722560236187,-25756.55967063339,-26672.186422302184,-25610.246125928366,-27734.126718676
-19061.297098889845,-22403.736787046222,-25746.1764752026,-26672.186422302184,-25610.246125928366,-27734.126718676
-19046.45874814748,-22394.570419588537,-25742.682091029594,-26672.186422302184,-25610.246125928366,-27734.126718676
-19040.83408533706,-22385.455879543704,-25730.077673750347,-26672.186422302184,-25610.246125928366,-27734.126718676
-19032.218071035415,-22376.41379497555,-25720.609518915684,-26672.186422302184,-25610.246125928366,-27734.126718676
-19023.542837280733,-22367.264006199377,-25710.98517511802,-26672.186422302184,-25610.246125928366,-27734.126718676
-19017.85102023696,-22358.126041699266,-25698.40106316157,-26672.186422302184,-25610.246125928366,-27734.126718676
-19010.971308772052,-22348.995119029336,-25687.01892928662,-26672.186422302184,-25610.246125928366,-27734.126718676
-19012.029828818777,-22339.82574205568,-25667.621655292583,-26672.186422302184,-25610.246125928366,-27734.126718676
-19005.27257573133,-22330.277236125723,-25655.281896520115,-26672.186422302184,-25610.246125928366,-27734.126718676
-19001.2893510982,-22320.602492526355,-25639.91563395451,-26672.186422302184,-25610.246125928366,-27734.126718676
-18988.07257927124,-22310.932951488536,-25633.79332370583,-26672.186422302184,-25610.246125928366,-27734.126718676
-18978.562029947672,-22301.286426275325,-25624.010822602977,-26672.186422302184,-25610.246125928366,-27734.126718676
-18967.309076806167,-22291.66797992172,-25616.026883037273,-26672.186422302184,-25610.246125928366,-27734.126718676
-18958.652499928503,-22282.048797876538,-25605.445095824572,-26672.186422302184,-25610.246125928366,-27734.126718676
-18949.201102213086,-22272.306836876644,-25595.4125715402,-26672.186422302184,-25610.246125928366,-27734.126718676
-18939.20391324693,-22262.549161417865,-25585.8944095888,-26672.186422302184,-25610.246125928366,-27734.126718676
-18936.087322362422,-22253.10891110583,-25570.13049984924,-26672.186422302184,-25610.246125928366,-27734.126718676
-18924.145493909222,-22243.757879266715,-25563.37026462421,-26672.186422302184,-25610.246125928366,-27734.126718676
-18917.88729688069,-22234.397338696566,-25550.907380512443,-26672.186422302184,-25610.246125928366,-27734.126718676
-18899.42019820243,-22224.956154516614,-25550.492110830797,-26672.186422302184,-25610.246125928366,-27734.126718676
-18892.400474397604,-22215.498582653043,-25538.596690908482,-26672.186422302184,-25610.246125928366,-27734.126718676
-18880.797188392098,-22206.05857417393,-25531.319959955763,-26672.186422302184,-25610.246125928366,-27734.126718676
-18871.701285261683,-22196.449056172907,-25521.19682708413,-26672.186422302184,-25610.246125928366,-27734.126718676
-18854.47929001883,-22187.04704184744,-25519.61479367605,-26672.186422302184,-25610.246125928366,-27734.126718676
-18840.701613665307,-22177.675336963573,-25514.64906026184,-26672.186422302184,-25610.246125928366,-27734.126718676
-18832.34098399415,-22168.490378571496,-25504.639773148843,-26672.186422302184,-25610.246125928366,-27734.126718676
-18816.45778515942,-22159.267437714094,-25502.07709026877,-26672.186422302184,-25610.246125928366,-27734.126718676
-18813.296960503765,-22150.115476453408,-25486.93399240305,-26672.186422302184,-25610.246125928366,-27734.126718676
-18801.287553323236,-22140.949698710418,-25480.6118440976,-26672.186422302184,-25610.246125928366,-27734.126718676
-18794.145499679656,-22131.316946577266,-25468.488393474876,-26672.186422302184,-25610.246125928366,-27734.126718676
-18786.247085448686,-22121.665058470044,-25457.083031491402,-26672.186422302184,-25610.246125928366,-27734.126718676
-18775.237042595876,-22112.146097032724,-25449.055151469573,-26672.186422302184,-25610.246125928366,-27734.126718676
-18771.049702931305,-22102.82824176624,-25434.606780601178,-26672.186422302184,-25610.246125928366,-27734.126718676
-18759.3714343152,-22093.60156809534,-25427.83170187548,-26672.186422302184,-25610.246125928366,-27734.126718676
-18751.12845468759,-22084.43047116457,-25417.73248764155,-26672.186422302184,-25610.246125928366,-27734.126718676
-18744.492249291863,-22075.221987227313,-25405.951725162762,-26672.186422302184,-25610.246125928366,-27734.126718676
-18737.848958268634,-22066.00949896548,-25394.170039662324,-26672.186422302184,-25610.246125928366,-27734.126718676
-18727.174279475454,-22056.771358368085,-25386.368437260717,-26672.186422302184,-25610.246125928366,-27734.126718676
-18720.20017111351,-22047.55147055528,-25374.902769997054,-26672.186422302184,-25610.246125928366,-27734.126718676
-18704.509159790287,-22038.305078956397,-25372.100998122507,-26672.186422302184,-25610.246125928366,-27734.126718676
-18700.060172805734,-22028.88282495256,-25357.70547709939,-26672.186422302184,-25610.246125928366,-27734.126718676
-18688.674020063867,-22019.390923590785,-25350.107827117703,-26672.186422302184,-25610.246125928366,-27734.126718676
-18672.367718145786,-22009.924610879156,-25347.481503612526,-26672.186422302184,-25610.246125928366,-27734.126718676
-18666.601734123036,-22000.324511300078,-25334.04728847712,-26672.186422302184,-25610.246125928366,-27734.126718676
-18659.515006411453,-21990.818423109646,-25322.121839807838,-26672.186422302184,-25610.246125928366,-27734.126718676
-18645.385863685653,-21981.59902472942,-25317.81218577319,-26672.186422302184,-25610.246125928366,-27734.126718676
-18637.11288291485,-21972.431302559475,-25307.7497222041,-26672.186422302184,-25610.246125928366,-27734.126718676
-18628.798669846463,-21963.23832431328,-25297.677978780095,-26672.186422302184,-25610.246125928366,-27734.126718676
-18621.751006698265,-21954.2051672636,-25286.659327828937,-26672.186422302184,-25610.246125928366,-27734.126718676
-18613.244740547158,-21945.482290419972,-25277.719840292786,-26672.186422302184,-25610.246125928366,-27734.126718676
-18604.43244787472,-21936.828797729737,-25269.225147584755,-26672.186422302184,-25610.246125928366,-27734.126718676
-18598.289917795748,-21928.586243721813,-25258.882569647878,-26672.186422302184,-25610.246125928366,-27734.126718676
-18583.332699993618,-21920.487212970704,-25257.64172594779,-26672.186422302184,-25610.246125928366,-27734.126718676
-18571.95387858941,-21912.384103329485,-25252.81432806956,-26672.186422302184,-25610.246125928366,-27734.126718676
-18566.788579974113,-21904.179232099807,-25241.5698842255,-26672.186422302184,-25610.246125928366,-27734.126718676
-18559.44454093956,-21895.81522729293,-25232.1859136463,-26672.186422302184,-25610.246125928366,-27734.126718676
-18551.778577794135,-21887.48132543007,-25223.184073066008,-26672.186422302184,-25610.246125928366,-27734.126718676
-18543.336057288252,-21879.180601877208,-25215.025146466163,-26672.186422302184,-25610.246125928366,-27734.126718676
-18527.93306375291,-21870.83894358738,-25213.74482342185,-26672.186422302184,-25610.246125928366,-27734.126718676
-18516.607694304636,-21862.59240583229,-25208.577117359942,-26672.186422302184,-25610.246125928366,-27734.126718676
-18504.237502418287,-21854.717165547776,-25205.196828677264,-26672.186422302184,-25610.246125928366,-27734.126718676
-18491.48171164446,-21846.848686891783,-25202.215662139104,-26672.186422302184,-25610.246125928366,-27734.126718676
-18486.891186669138,-21839.051049666,-25191.21091266286,-26672.186422302184,-25610.246125928366,-27734.126718676
-18480.08105541074,-21831.084798753167,-25182.088542095593,-26672.186422302184,-25610.246125928366,-27734.126718676
-18470.588308207723,-21823.35172433977,-25176.115140471815,-26672.186422302184,-25610.246125928366,-27734.126718676
-18467.564409110273,-21815.62454365642,-25163.684678202568,-26672.186422302184,-25610.246125928366,-27734.126718676
-18464.116751236594,-21807.922066467403,-25151.727381698212,-26672.186422302184,-25610.246125928366,-27734.126718676
-18452.42812893122,-21800.183974921987,-25147.939820912754,-26672.186422302184,-25610.246125928366,-27734.126718676
-18441.07239103297,-21792.564794221405,-25144.057197409842,-26672.186422302184,-25610.246125928366,-27734.126718676
-18432.324513356616,-21784.835472121158,-25137.3464308857,-26672.186422302184,-25610.246125928366,-27734.126718676
-18420.12932529132,-21777.117887444052,-25134.106449596784,-26672.186422302184,-25610.246125928366,-27734.126718676
-18416.343835496424,-21769.464655314,-25122.58547513158,-26672.186422302184,-25610.246125928366,-27734.126718676
-18408.227900191814,-21761.788230653026,-25115.34856111424,-26672.186422302184,-25610.246125928366,-27734.126718676
-18401.52232989852,-21754.320978995816,-25107.119628093114,-26672.186422302184,-25610.246125928366,-27734.126718676
-18396.101591138897,-21746.797125389297,-25097.492659639698,-26672.186422302184,-25610.246125928366,-27734.126718676
-18383.091555719562,-21738.78936726609,-25094.48717881262,-26672.186422302184,-25610.246125928366,-27734.126718676
-18375.570097958604,-21730.724401528594,-25085.878705098585,-26672.186422302184,-25610.246125928366,-27734.126718676
-18360.629778979604,-21722.621435067555,-25084.613091155505,-26672.186422302184,-25610.246125928366,-27734.126718676
-18353.733285715112,-21714.12003009925,-25074.506774483387,-26672.186422302184,-25610.246125928366,-27734.126718676
-18353.504910487587,-21705.5751325964,-25057.645354705215,-26672.186422302184,-25610.246125928366,-27734.126718676
-18349.254622772904,-21697.03819837294,-25044.821773972973,-26672.186422302184,-25610.246125928366,-27734.126718676
-18339.655151807536,-21688.69940378756,-25037.743655767583,-26672.186422302184,-25610.246125928366,-27734.126718676
-18328.93119158993,-21680.35425515404,-25031.777318718152,-26672.186422302184,-25610.246125928366,-27734.126718676
-18321.234644716304,-21672.16009149585,-25023.085538275398,-26672.186422302184,-25610.246125928366,-27734.126718676
-18309.85277963667,-21663.862308242748,-25017.871836848826,-26672.186422302184,-25610.246125928366,-27734.126718676
-18301.75352696571,-21655.536644698444,-25009.31976243118,-26672.186422302184,-25610.246125928366,-27734.126718676
-18292.48786093346,-21647.140982704495,-25001.79410447553,-26672.186422302184,-25610.246125928366,-27734.126718676
-18285.46470995451,-21638.344326103757,-24991.223942253004,-26672.186422302184,-25610.246125928366,-27734.126718676
-18275.980300460556,-21629.487453468206,-24982.994606475855,-26672.186422302184,-25610.246125928366,-27734.126718676
-18265.935742610243,-21620.618944722293,-24975.302146834343,-26672.186422302184,-25610.246125928366,-27734.126718676
-18258.283541886856,-21611.72148037537,-24965.159418863885,-26672.186422302184,-25610.246125928366,-27734.126718676
-18245.610291938803,-21602.948614918758,-24960.286937898712,-26672.186422302184,-25610.246125928366,-27734.126718676
-18234.959454727097,-21594.101220011988,-24953.242985296878,-26672.186422302184,-25610.246125928366,-27734.126718676
-18231.770362839277,-21585.25694743779,-24938.7435320363,-26672.186422302184,-25610.246125928366,-27734.126718676
-18219.729160728606,-21576.299378073236,-24932.869595417866,-26672.186422302184,-25610.246125928366,-27734.126718676
-18210.265096310806,-21567.180120112575,-24924.095143914343,-26672.186422302184,-25610.246125928366,-27734.126718676
-18200.44130619062,-21558.247250778786,-24916.053195366952,-26672.186422302184,-25610.246125928366,-27734.126718676
-18193.287828228284,-21549.09049279725,-24904.89315736622,-26672.186422302184,-25610.246125928366,-27734.126718676
-18186.433061604785,-21539.855395015118,-24893.27772842545,-26672.186422302184,-25610.246125928366,-27734.126718676
-18177.381633755183,-21530.785032324602,-24884.18843089402,-26672.186422302184,-25610.246125928366,-27734.126718676
-18169.182873528625,-21521.630975865824,-24874.079078203024,-26672.186422302184,-25610.246125928366,-27734.126718676
-18155.99364901805,-21512.23098677209,-24868.46832452613,-26672.186422302184,-25610.246125928366,-27734.126718676
-18145.469194798505,-21502.622465543376,-24859.775736288248,-26672.186422302184,-25610.246125928366,-27734.126718676
-18136.38067789911,-21493.25825875138,-24850.13583960365,-26672.186422302184,-25610.246125928366,-27734.126718676
-18123.672295680906,-21483.951052243356,-24844.229808805805,-26672.186422302184,-25610.246125928366,-27734.126718676
-18116.958681482825,-21474.543999221045,-24832.129316959265,-26672.186422302184,-25610.246125928366,-27734.126718676
-18108.261251220156,-21465.13817266828,-24822.015094116407,-26672.186422302184,-25610.246125928366,-27734.126718676
-18097.184099569346,-21455.742689149654,-24814.301278729963,-26672.186422302184,-25610.246125928366,-27734.126718676
-18088.034609844326,-21446.230505083637,-24804.426400322947,-26672.186422302184,-25610.246125928366,-27734.126718676
-18081.69435159413,-21436.88397023677,-24792.073588879408,-26672.186422302184,-25610.246125928366,-27734.126718676
-18075.323302186855,-21427.228862549113,-24779.13442291137,-26672.186422302184,-25610.246125928366,-27734.126718676
-18060.027778388718,-21417.523921042044,-24775.02006369537,-26672.186422302184,-25610.246125928366,-27734.126718676
-18049.814965410897,-21407.728558711424,-24765.64215201195,-26672.186422302184,-25610.246125928366,-27734.126718676
-18039.98575226991,-21397.935406714845,-24755.88506115978,-26672.186422302184,-25610.246125928366,-27734.126718676
-18034.93850674248,-21388.29570883538,-24741.65291092828,-26672.186422302184,-25610.246125928366,-27734.126718676
-18022.17159760684,-21378.559035414644,-24734.946473222448,-26672.186422302184,-25610.246125928366,-27734.126718676
-18017.047940809585,-21368.755646160083,-24720.46335151058,-26672.186422302184,-25610.246125928366,-27734.126718676
-18005.548505704683,-21359.12139250927,-24712.69427931386,-26672.186422302184,-25610.246125928366,-27734.126718676
-17998.34599574674,-21349.35336683326,-24700.360737919782,-26672.186422302184,-25610.246125928366,-27734.126718676
-17991.00692609024,-21339.560378025566,-24688.113829960894,-26672.186422302184,-25610.246125928366,-27734.126718676
-17979.348285353877,-21329.777921332705,-24680.207557311533,-26672.186422302184,-25610.246125928366,-27734.126718676
-17970.76426846819,-21319.993389513053,-24669.222510557916,-26672.186422302184,-25610.246125928366,-27734.126718676
-17960.16026810091,-21309.93491235432,-24659.709556607733,-26672.186422302184,-25610.246125928366,-27734.126718676
-17951.58080867178,-21300.013929425506,-24648.44705017923,-26672.186422302184,-25610.246125928366,-27734.126718676
-17943.24761877484,-21290.37958119587,-24637.5115436169,-26672.186422302184,-25610.246125928366,-27734.126718676
-17929.12986028965,-21280.309767429306,-24631.489674568962,-26672.186422302184,-25610.246125928366,-27734.126718676
-17913.65123927447,-21270.06902750416,-24626.48681573385,-26672.186422302184,-25610.246125928366,-27734.126718676
-17900.857676421318,-21259.772387208148,-24618.687097994978,-26672.186422302184,-25610.246125928366,-27734.126718676
-17893.953967383506,-21249.418265463373,-24604.88256354324,-26672.186422302184,-25610.246125928366,-27734.126718676
-17880.238778316772,-21239.09168096116,-24597.944583605546,-26672.186422302184,-25610.246125928366,-27734.126718676
-17872.775544641467,-21228.791693502124,-24584.80784236278,-26672.186422302184,-25610.246125928366,-27734.126718676
-17862.13258082284,-21218.565690167343,-24574.998799511846,-26672.186422302184,-25610.246125928366,-27734.126718676
-17852.78395230999,-21208.25480096335,-24563.72564961671,-26672.186422302184,-25610.246125928366,-27734.126718676
-17842.92412222408,-21197.849009154674,-24552.773896085266,-26672.186422302184,-25610.246125928366,-27734.126718676
-17835.53497736473,-21187.4656483326,-24539.39631930047,-26672.186422302184,-25610.246125928366,-27734.126718676
-17822.515999154723,-21177.284427121096,-24532.05285508747,-26672.186422302184,-25610.246125928366,-27734.126718676
-17815.48814392475,-21167.1682247488,-24518.848305572847,-26672.186422302184,-25610.246125928366,-27734.126718676
-17809.354794066836,-21156.933720321722,-24504.512646576608,-26672.186422302184,-25610.246125928366,-27734.126718676
-17794.972480763085,-21146.81001607801,-24498.647551392933,-26672.186422302184,-25610.246125928366,-27734.126718676
-17780.504692334503,-21136.670757917727,-24492.83682350095,-26672.186422302184,-25610.246125928366,-27734.126718676
-17769.69177453659,-21126.531593542953,-24483.371412549317,-26672.186422302184,-25610.246125928366,-27734.126718676
-17756.085241470937,-21116.04714842533,-24476.00905537972,-26672.186422302184,-25610.246125928366,-27734.126718676
-17749.050120744258,-21105.604162699692,-24462.158204655127,-26672.186422302184,-25610.246125928366,-27734.126718676
-17741.639699873947,-21095.097533837165,-24448.55536780038,-26672.186422302184,-25610.246125928366,-27734.126718676
-17733.404900636513,-21084.609829936162,-24435.81475923581,-26672.186422302184,-25610.246125928366,-27734.126718676
-17720.785210660088,-21074.217100367234,-24427.64899007438,-26672.186422302184,-25610.246125928366,-27734.126718676
-17709.446777724937,-21063.821357651133,-24418.19593757733,-26672.186422302184,-25610.246125928366,-27734.126718676
-17704.6450251769,-21053.54072442857,-24402.436423680243,-26672.186422302184,-25610.246125928366,-27734.126718676
-17695.443016714467,-21043.18553570787,-24390.928054701275,-26672.186422302184,-25610.246125928366,-27734.126718676
-17682.52825041694,-21032.98117545779,-24383.434100498638,-26672.186422302184,-25610.246125928366,-27734.126718676
-17674.16416436409,-21022.95842187144,-24371.75267937879,-26672.186422302184,-25610.246125928366,-27734.126718676
-17664.85085713348,-21012.785843118287,-24360.720829103095,-26672.186422302184,-25610.246125928366,-27734.126718676
-17647.62236665081,-21002.594321264278,-24357.566275877747,-26672.186422302184,-25610.246125928366,-27734.126718676
-17639.221551127845,-20992.414933633056,-24345.608316138267,-26672.186422302184,-25610.246125928366,-27734.126718676
-17632.55464453895,-20982.219728880136,-24331.884813221324,-26672.186422302184,-25610.246125928366,-27734.126718676
-17624.817964942493,-20972.06802188395,-24319.31807882541,-26672.186422302184,-25610.246125928366,-27734.126718676
-17618.15048132902,-20961.78423345657,-24305.417985584118,-26672.186422302184,-25610.246125928366,-27734.126718676
-17607.931747554314,-20951.439489719352,-24294.94723188439,-26672.186422302184,-25610.246125928366,-27734.126718676
-17597.626737143677,-20941.306488754206,-24284.986240364735,-26672.186422302184,-25610.246125928366,-27734.126718676
-17591.46419870351,-20930.978845849462,-24270.493492995414,-26672.186422302184,-25610.246125928366,-27734.126718676
-17580.28917086309,-20920.665109547863,-24261.041048232637,-26672.186422302184,-25610.246125928366,-27734.126718676
-17565.78354061771,-20910.539913920366,-24255.29628722302,-26672.186422302184,-25610.246125928366,-27734.126718676
-17556.983717876705,-20900.386182256385,-24243.788646636065,-26672.186422302184,-25610.246125928366,-27734.126718676
-17549.06247443373,-20890.25158259453,-24231.44069075533,-26672.186422302184,-25610.246125928366,-27734.126718676
-17540.057663285763,-20880.238783272078,-24220.419903258393,-26672.186422302184,-25610.246125928366,-27734.126718676
-17531.57466362806,-20870.261196675412,-24208.947729722764,-26672.186422302184,-25610.246125928366,-27734.126718676
-17519.735505681685,-20860.284758103484,-24200.834010525283,-26672.186422302184,-25610.246125928366,-27734.126718676
-17508.31703655906,-20850.19449518609,-24192.07195381312,-26672.186422302184,-25610.246125928366,-27734.126718676
-17498.55673346696,-20840.11274404979,-24181.66875463262,-26672.186422302184,-25610.246125928366,-27734.126718676
-17485.66216465545,-20829.932308225798,-24174.202451796147,-26672.186422302184,-25610.246125928366,-27734.126718676
-17478.437071639808,-20820.025828198857,-24161.614584757906,-26672.186422302184,-25610.246125928366,-27734.126718676
-17468.090577725565,-20810.03634839744,-24151.982119069315,-26672.186422302184,-25610.246125928366,-27734.126718676
-17464.514047011748,-20800.007000377165,-24135.499953742583,-26672.186422302184,-25610.246125928366,-27734.126718676
-17457.969297739546,-20790.36396107915,-24122.758624418755,-26672.186422302184,-25610.246125928366,-27734.126718676
-17447.148557336892,-20780.845811355346,-24114.5430653738,-26672.186422302184,-25610.246125928366,-27734.126718676
-17433.180995899806,-20771.268392677342,-24109.35578945488,-26672.186422302184,-25610.246125928366,-27734.126718676
-17423.11930524566,-20761.609701673522,-24100.100098101386,-26672.186422302184,-25610.246125928366,-27734.126718676
-17417.00456845986,-20751.876262002752,-24086.747955545645,-26672.186422302184,-25610.246125928366,-27734.126718676
-17412.198299785334,-20742.12281414645,-24072.047328507564,-26672.186422302184,-25610.246125928366,-27734.126718676
-17402.97003650934,-20732.435640716893,-24061.901244924444,-26672.186422302184,-25610.246125928366,-27734.126718676
-17392.244387411,-20722.50567628407,-24052.766965157138,-26672.186422302184,-25610.246125928366,-27734.126718676
-17380.49266182559,-20712.65434911182,-24044.816036398053,-26672.186422302184,-25610.246125928366,-27734.126718676
-17369.651026487274,-20702.9103473763,-24036.169668265324,-26672.186422302184,-25610.246125928366,-27734.126718676
-17362.240543581636,-20692.966422522415,-24023.692301463194,-26672.186422302184,-25610.246125928366,-27734.126718676
-17348.989155116986,-20682.987817759225,-24016.986480401465,-26672.186422302184,-25610.246125928366,-27734.126718676
-17339.57382604175,-20672.82342688365,-24006.07302772555,-26672.186422302184,-25610.246125928366,-27734.126718676
-17338.054006509108,-20662.65406254258,-23987.254118576053,-26672.186422302184,-25610.246125928366,-27734.126718676
-17326.968531629747,-20652.509316422776,-23978.050101215806,-26672.186422302184,-25610.246125928366,-27734.126718676
-17313.93732593723,-20642.295682593263,-23970.654039249297,-26672.186422302184,-25610.246125928366,-27734.126718676
-17306.248325822915,-20632.130675877404,-23958.013025931894,-26672.186422302184,-25610.246125928366,-27734.126718676
-17296.69525984957,-20621.93629618567,-23947.177332521773,-26672.186422302184,-25610.246125928366,-27734.126718676
-17288.38225525381,-20611.470704601063,-23934.559153948314,-26672.186422302184,-25610.246125928366,-27734.126718676
-17279.74844603205,-20601.245401384193,-23922.742356736337,-26672.186422302184,-25610.246125928366,-27734.126718676
-17266.117501715788,-20591.046174761846,-23915.974847807905,-26672.186422302184,-25610.246125928366,-27734.126718676
-17254.317075101917,-20580.690781621302,-23907.064488140688,-26672.186422302184,-25610.246125928366,-27734.126718676
-17243.17719154762,-20570.192680194566,-23897.208168841513,-26672.186422302184,-25610.246125928366,-27734.126718676
-17231.456413123582,-20559.955549045768,-23888.454684967954,-26672.186422302184,-25610.246125928366,-27734.126718676
-17221.917494787496,-20549.808040122673,-23877.69858545785,-26672.186422302184,-25610.246125928366,-27734.126718676
-17210.05056434996,-20539.37907892389,-23868.707593497817,-26672.186422302184,-25610.246125928366,-27734.126718676
-17199.50439074645,-20528.80605884758,-23858.107726948707,-26672.186422302184,-25610.246125928366,-27734.126718676
-17187.38381899926,-20518.281940223456,-23849.180061447652,-26672.186422302184,-25610.246125928366,-27734.126718676
-17179.04389873267,-20507.47994568338,-23835.915992634087,-26672.186422302184,-25610.246125928366,-27734.126718676
-17169.1609142178,-20496.666355256835,-23824.171796295872,-26672.186422302184,-25610.246125928366,-27734.126718676
-17161.14844444243,-20485.925855450434,-23810.703266458437,-26672.186422302184,-25610.246125928366,-27734.126718676
-17146.242746657765,-20475.10558525607,-23803.968423854378,-26672.186422302184,-25610.246125928366,-27734.126718676
-17130.84183711768,-20464.562643421406,-23798.28344972513,-26672.186422302184,-25610.246125928366,-27734.126718676
-17120.923169953538,-20453.90563938408,-23786.888108814623,-26672.186422302184,-25610.246125928366,-27734.126718676
-17113.91900862216,-20443.32620757362,-23772.73340652508,-26672.186422302184,-25610.246125928366,-27734.126718676
-17102.23475452493,-20432.78123041328,-23763.32770630163,-26672.186422302184,-25610.246125928366,-27734.126718676
-17089.701246158325,-20421.954621545472,-23754.20799693262,-26672.186422302184,-25610.246125928366,-27734.126718676
-17076.64398097417,-20411.19845997581,-23745.75293897745,-26672.186422302184,-25610.246125928366,-27734.126718676
-17060.826578631702,-20400.45585985992,-23740.08514108814,-26672.186422302184,-25610.246125928366,-27734.126718676
-17047.23008092129,-20389.679605419493,-23732.129129917696,-26672.186422302184,-25610.246125928366,-27734.126718676
-17035.642508598405,-20378.947795507385,-23722.253082416366,-26672.186422302184,-25610.246125928366,-27734.126718676
-17023.564331554517,-20368.02289502637,-23712.481458498223,-26672.186422302184,-25610.246125928366,-27734.126718676
-17014.747978734176,-20357.124526746626,-23699.501074759075,-26672.186422302184,-25610.246125928366,-27734.126718676
-17009.863202474146,-20346.245705852063,-23682.62820922998,-26672.186422302184,-25610.246125928366,-27734.126718676
-16994.29673631193,-20335.6426824983,-23676.988628684667,-26672.186422302184,-25610.246125928366,-27734.126718676
-16985.81484455412,-20324.34548698625,-23662.876129418382,-26672.186422302184,-25610.246125928366,-27734.126718676
-16970.049967448136,-20313.216448744544,-23656.382930040952,-26672.186422302184,-25610.246125928366,-27734.126718676
-16964.560255765107,-20302.54350817863,-23640.526760592154,-26672.186422302184,-25610.246125928366,-27734.126718676
-16958.40432349168,-20291.804266028503,-23625.204208565327,-26672.186422302184,-25610.246125928366,-27734.126718676
-16941.02789272012,-20281.016833671467,-23621.005774622812,-26672.186422302184,-25610.246125928366,-27734.126718676
-16923.7623666283,-20270.17252007832,-23616.582673528337,-26672.186422302184,-25610.246125928366,-27734.126718676
-16916.035170862357,-20259.29987056868,-23602.564570275004,-26672.186422302184,-25610.246125928366,-27734.126718676
-16904.669671244956,-20248.35923962066,-23592.04880799636,-26672.186422302184,-25610.246125928366,-27734.126718676
-16891.422966680697,-20237.24724710795,-23583.0715275352,-26672.186422302184,-25610.246125928366,-27734.126718676
-16878.980441050888,-20226.321444588182,-23573.662448125477,-26672.186422302184,-25610.246125928366,-27734.126718676
-16864.897836351596,-20215.501220775375,-23566.104605199154,-26672.186422302184,-25610.246125928366,-27734.126718676
-16851.40174671104,-20204.75648691757,-23558.1112271241,-26672.186422302184,-25610.246125928366,-27734.126718676
-16843.67251038436,-20193.850013983523,-23544.027517582686,-26672.186422302184,-25610.246125928366,-27734.126718676
-16831.18484763593,-20182.846083468175,-23534.50731930042,-26672.186422302184,-25610.246125928366,-27734.126718676
-16821.138053050305,-20171.784940333633,-23522.43182761696,-26672.186422302184,-25610.246125928366,-27734.126718676
-16811.755702624512,-20160.578152974125,-23509.40060332374,-26672.186422302184,-25610.246125928366,-27734.126718676
-16802.464059524562,-20149.404765976014,-23496.345472427467,-26672.186422302184,-25610.246125928366,-27734.126718676
-16791.93832440613,-20138.185834064094,-23484.43334372206,-26672.186422302184,-25610.246125928366,-27734.126718676
-16785.90568749176,-20127.291976214103,-23468.678264936447,-26672.186422302184,-25610.246125928366,-27734.126718676
-16773.415493710592,-20116.29081991827,-23459.16614612595,-26672.186422302184,-25610.246125928366,-27734.126718676
-16761.054713951908,-20105.337051806702,-23449.619389661497,-26672.186422302184,-25610.246125928366,-27734.126718676
-16748.199049251947,-20094.44587119014,-23440.69269312833,-26672.186422302184,-25610.246125928366,-27734.126718676
-16740.195128611475,-20083.60461852309,-23427.01410843471,-26672.186422302184,-25610.246125928366,-27734.126718676
-16728.23925713775,-20072.781948739008,-23417.324640340266,-26672.186422302184,-25610.246125928366,-27734.126718676
-16716.433446466137,-20061.871308585563,-23407.30917070499,-26672.186422302184,-25610.246125928366,-27734.126718676
-16706.86667396387,-20050.955229705796,-23395.043785447724,-26672.186422302184,-25610.246125928366,-27734.126718676
-16691.8947758712,-20039.921359719054,-23387.94794356691,-26672.186422302184,-25610.246125928366,-27734.126718676
-16677.050735057488,-20028.825861227368,-23380.600987397247,-26672.186422302184,-25610.246125928366,-27734.126718676
-16666.352488191667,-20017.614333753794,-23368.87617931592,-26672.186422302184,-25610.246125928366,-27734.126718676
-16656.424579282724,-20006.374326812285,-23356.324074341846,-26672.186422302184,-25610.246125928366,-27734.126718676
-16646.927141855147,-19995.10165081664,-23343.276159778132,-26672.186422302184,-25610.246125928366,-27734.126718676
-16631.45148200616,-19983.793028831467,-23336.134575656775,-26672.186422302184,-25610.246125928366,-27734.126718676
-16617.727465521228,-19972.455789287313,-23327.184113053398,-26672.186422302184,-25610.246125928366,-27734.126718676
-16604.93990293698,-19961.225211454323,-23317.510519971664,-26672.186422302184,-25610.246125928366,-27734.126718676
-16594.260740734,-19949.831243144446,-23305.401745554893,-26672.186422302184,-25610.246125928366,-27734.126718676
-16583.9314841348,-19938.414197598722,-23292.896911062646,-26672.186422302184,-25610.246125928366,-27734.126718676
-16569.856974222992,-19927.0145485091,-23284.17212279521,-26672.186422302184,-25610.246125928366,-27734.126718676
-16559.544152262213,-19915.59710307675,-23271.650053891288,-26672.186422302184,-25610.246125928366,-27734.126718676
-16549.12720629463,-19904.177071323815,-23259.226936353,-26672.186422302184,-25610.246125928366,-27734.126718676
-16535.005648571696,-19892.741022016395,-23250.476395461093,-26672.186422302184,-25610.246125928366,-27734.126718676
-16520.677850887274,-19881.157559368105,-23241.637267848935,-26672.186422302184,-25610.246125928366,-27734.126718676
-16506.332988195692,-19869.137296491477,-23231.941604787262,-26672.186422302184,-25610.246125928366,-27734.126718676
-16494.90777716506,-19857.0742670735,-23219.240756981944,-26672.186422302184,-25610.246125928366,-27734.126718676
-16482.535117823983,-19844.969140401772,-23207.40316297956,-26672.186422302184,-25610.246125928366,-27734.126718676
-16471.90060565106,-19832.843211531475,-23193.785817411892,-26672.186422302184,-25610.246125928366,-27734.126718676
-16459.921002350413,-19820.620384825255,-23181.319767300098,-26672.186422302184,-25610.246125928366,-27734.126718676
-16446.344926553018,-19808.468806146775,-23170.592685740532,-26672.186422302184,-25610.246125928366,-27734.126718676
-16434.791880036802,-19796.50835632105,-23158.224832605298,-26672.186422302184,-25610.246125928366,-27734.126718676
-16422.28011247582,-19784.666011868503,-23147.051911261187,-26672.186422302184,-25610.246125928366,-27734.126718676
-16406.360897025577,-19772.815398696763,-23139.269900367948,-26672.186422302184,-25610.246125928366,-27734.126718676
-16395.57297506186,-19760.911469030372,-23126.249962998885,-26672.186422302184,-25610.246125928366,-27734.126718676
-16381.722232062906,-19748.89703335002,-23116.07183463713,-26672.186422302184,-25610.246125928366,-27734.126718676
-16373.326219347515,-19736.836831185443,-23100.347443023373,-26672.186422302184,-25610.246125928366,-27734.126718676
-16354.836124534573,-19724.7665633867,-23094.697002238827,-26672.186422302184,-25610.246125928366,-27734.126718676
-16338.595983110281,-19712.75254393663,-23086.909104762977,-26672.186422302184,-25610.246125928366,-27734.126718676
-16322.70138524585,-19700.878222227213,-23079.055059208575,-26672.186422302184,-25610.246125928366,-27734.126718676
-16311.59729024766,-19688.79813673647,-23065.99898322528,-26672.186422302184,-25610.246125928366,-27734.126718676
-16297.30961404353,-19676.937904981645,-23056.56619591976,-26672.186422302184,-25610.246125928366,-27734.126718676
-16283.34459067453,-19665.08333746109,-23046.822084247648,-26672.186422302184,-25610.246125928366,-27734.126718676
-16270.760939850348,-19653.459152491836,-23036.157365133324,-26672.186422302184,-25610.246125928366,-27734.126718676
-16255.642653457466,-19642.135736275795,-23028.628819094127,-26672.186422302184,-25610.246125928366,-27734.126718676
-16244.866149630512,-19630.767447444472,-23016.66874525843,-26672.186422302184,-25610.246125928366,-27734.126718676
-16231.743047140935,-19619.553582167217,-23007.364117193498,-26672.186422302184,-25610.246125928366,-27734.126718676
-16217.143618416356,-19608.209655343493,-22999.275692270632,-26672.186422302184,-25610.246125928366,-27734.126718676
-16205.068582321719,-19596.88977015199,-22988.71095798226,-26672.186422302184,-25610.246125928366,-27734.126718676
-16194.534541449979,-19585.640812643684,-22976.74708383739,-26672.186422302184,-25610.246125928366,-27734.126718676
-16178.513407962379,-19574.468473174817,-22970.423538387255,-26672.186422302184,-25610.246125928366,-27734.126718676
-16163.387499629924,-19563.13611592895,-22962.88473222798,-26672.186422302184,-25610.246125928366,-27734.126718676
-16149.350465132218,-19552.051269376996,-22954.752073621774,-26672.186422302184,-25610.246125928366,-27734.126718676
-16137.457529135774,-19541.027907755077,-22944.59828637438,-26672.186422302184,-25610.246125928366,-27734.126718676
-16124.35869000962,-19530.051004496767,-22935.743318983914,-26672.186422302184,-25610.246125928366,-27734.126718676
-16111.954744927316,-19519.18207555862,-22926.409406189923,-26672.186422302184,-25610.246125928366,-27734.126718676
-16097.996994728475,-19508.356346044366,-22918.715697360258,-26672.186422302184,-25610.246125928366,-27734.126718676
-16089.017248041762,-19497.372754440945,-22905.72826084013,-26672.186422302184,-25610.246125928366,-27734.126718676
-16078.858353686326,-19486.51909965258,-22894.179845618837,-26672.186422302184,-25610.246125928366,-27734.126718676
-16065.649902650699,-19475.991956523445,-22886.33401039619,-26672.186422302184,-25610.246125928366,-27734.126718676
-16053.044558096997,-19465.653242208475,-22878.261926319952,-26672.186422302184,-25610.246125928366,-27734.126718676
-16043.233939531867,-19455.326718752403,-22867.41949797294,-26672.186422302184,-25610.246125928366,-27734.126718676
-16031.95795609261,-19445.276563827843,-22858.595171563076,-26672.186422302184,-25610.246125928366,-27734.126718676
-16024.736362921993,-19435.09526011377,-22845.454157305543,-26672.186422302184,-25610.246125928366,-27734.126718676
-16012.27434003729,-19424.918145885415,-22837.56195173354,-26672.186422302184,-25610.246125928366,-27734.126718676
-16005.590702876909,-19414.762252855555,-22823.933802834203,-26672.186422302184,-25610.246125928366,-27734.126718676
-15995.4573740064,-19404.59727724563,-22813.73718048486,-26672.186422302184,-25610.246125928366,-27734.126718676
-15981.294852789608,-19394.541085982197,-22807.787319174786,-26672.186422302184,-25610.246125928366,-27734.126718676
-15966.411656726637,-19384.18102745734,-22801.950398188044,-26672.186422302184,-25610.246125928366,-27734.126718676
-15952.623584151825,-19373.793625458886,-22794.963666765947,-26672.186422302184,-25610.246125928366,-27734.126718676
-15942.116288251813,-19363.645664359894,-22785.175040467973,-26672.186422302184,-25610.246125928366,-27734.126718676
-15934.97018449504,-19353.386014616903,-22771.801844738766,-26672.186422302184,-25610.246125928366,-27734.126718676
-15925.079373825949,-19343.21697793477,-22761.354582043594,-26672.186422302184,-25610.246125928366,-27734.126718676
-15917.253370241531,-19333.043993647065,-22748.8346170526,-26672.186422302184,-25610.246125928366,-27734.126718676
-15904.444775923068,-19322.93870279248,-22741.43262966189,-26672.186422302184,-25610.246125928366,-27734.126718676
-15896.682924159912,-19313.027513394492,-22729.372102629073,-26672.186422302184,-25610.246125928366,-27734.126718676
-15887.165353016262,-19303.110841576134,-22719.056330136005,-26672.186422302184,-25610.246125928366,-27734.126718676
-15870.32499780577,-19293.190983509132,-22716.056969212492,-26672.186422302184,-25610.246125928366,-27734.126718676
-15861.029103925297,-19283.24729661729,-22705.46548930928,-26672.186422302184,-25610.246125928366,-27734.126718676
-15852.52409992833,-19273.987712451602,-22695.451324974874,-26672.186422302184,-25610.246125928366,-27734.126718676
-15844.21879709233,-19264.741677019236,-22685.264556946142,-26672.186422302184,-25610.246125928366,-27734.126718676
-15833.926392595877,-19255.48390653783,-22677.04142047978,-26672.186422302184,-25610.246125928366,-27734.126718676
-15820.59692114077,-19246.380719328627,-22672.16451751648,-26672.186422302184,-25610.246125928366,-27734.126718676
-15814.51169878297,-19237.294658188064,-22660.077617593157,-26672.186422302184,-25610.246125928366,-27734.126718676
-15812.243986707796,-19228.34874847379,-22644.453510239782,-26672.186422302184,-25610.246125928366,-27734.126718676
-15798.62753017876,-19219.438546714173,-22640.249563249585,-26672.186422302184,-25610.246125928366,-27734.126718676
-15786.706575015794,-19210.50191152866,-22634.297248041523,-26672.186422302184,-25610.246125928366,-27734.126718676
-15781.782273055953,-19201.690511631004,-22621.598750206056,-26672.186422302184,-25610.246125928366,-27734.126718676
-15769.190717331248,-19192.864186646315,-22616.53765596138,-26672.186422302184,-25610.246125928366,-27734.126718676
-15760.177692132425,-19183.840784968954,-22607.50387780548,-26672.186422302184,-25610.246125928366,-27734.126718676
-15752.321643636551,-19174.605935253407,-22596.890226870262,-26672.186422302184,-25610.246125928366,-27734.126718676
-15739.715214868833,-19165.437219773386,-22591.15922467794,-26672.186422302184,-25610.246125928366,-27734.126718676
-15729.33194371794,-19156.45989649462,-22583.5878492713,-26672.186422302184,-25610.246125928366,-27734.126718676
-15722.229611091385,-19147.557485748148,-22572.88536040491,-26672.186422302184,-25610.246125928366,-27734.126718676
-15715.379976846569,-19138.395588548217,-22561.411200249866,-26672.186422302184,-25610.246125928366,-27734.126718676
-15702.508205845113,-19129.22971009158,-22555.951214338045,-26672.186422302184,-25610.246125928366,-27734.126718676
-15695.897763976385,-19120.176125000133,-22544.454486023882,-26672.186422302184,-25610.246125928366,-27734.126718676
-15682.701065175675,-19111.217265845124,-22539.73346651457,-26672.186422302184,-25610.246125928366,-27734.126718676
-15671.870186679394,-19102.374612158812,-22532.87903763823,-26672.186422302184,-25610.246125928366,-27734.126718676
-15661.809160748398,-19093.552410368015,-22525.29565998763,-26672.186422302184,-25610.246125928366,-27734.126718676
-15653.900119148571,-19084.73079916736,-22515.561479186144,-26672.186422302184,-25610.246125928366,-27734.126718676
-15645.420863228388,-19075.894163754394,-22506.3674642804,-26672.186422302184,-25610.246125928366,-27734.126718676
-15632.71834584263,-19066.84804712144,-22500.977748400248,-26672.186422302184,-25610.246125928366,-27734.126718676
-15621.441398535622,-19057.740028496686,-22494.03865845775,-26672.186422302184,-25610.246125928366,-27734.126718676
-15606.53282470501,-19048.722587779106,-22490.912350853203,-26672.186422302184,-25610.246125928366,-27734.126718676
-15598.060997018258,-19039.85234614623,-22481.643695274197,-26672.186422302184,-25610.246125928366,-27734.126718676
-15588.99968593855,-19031.02781834246,-22473.05595074637,-26672.186422302184,-25610.246125928366,-27734.126718676
-15579.326190863483,-19022.308677257985,-22465.291163652488,-26672.186422302184,-25610.246125928366,-27734.126718676
-15575.906860648001,-19013.383558472415,-22450.86025629683,-26672.186422302184,-25610.246125928366,-27734.126718676
-15566.038836183276,-19004.492658542047,-22442.94648090082,-26672.186422302184,-25610.246125928366,-27734.126718676
-15555.134444339175,-18995.675944419218,-22436.21744449926,-26672.186422302184,-25610.246125928366,-27734.126718676
-15548.019528884533,-18986.88177396462,-22425.744019044705,-26672.186422302184,-25610.246125928366,-27734.126718676
-15545.180709296354,-18978.12811549887,-22411.075521701383,-26672.186422302184,-25610.246125928366,-27734.126718676
-15534.317248731448,-18969.519063441785,-22404.720878152122,-26672.186422302184,-25610.246125928366,-27734.126718676
-15522.262992113687,-18960.838797148364,-22399.414602183042,-26672.186422302184,-25610.246125928366,-27734.126718676
-15514.10936656574,-18952.292594444916,-22390.475822324093,-26672.186422302184,-25610.246125928366,-27734.126718676
-15504.828147009612,-18943.745812074794,-22382.663477139977,-26672.186422302184,-25610.246125928366,-27734.126718676
-15496.527160071259,-18935.148115089323,-22373.769070107388,-26672.186422302184,-25610.246125928366,-27734.126718676
-15487.931402454313,-18926.528876129367,-22365.12634980442,-26672.186422302184,-25610.246125928366,-27734.126718676
-15479.367783760568,-18917.960589469578,-22356.553395178587,-26672.186422302184,-25610.246125928366,-27734.126718676
-15468.019840094104,-18909.730046917623,-22351.44025374114,-26672.186422302184,-25610.246125928366,-27734.126718676
-15458.347390110646,-18901.544082770524,-22344.7407754304,-26672.186422302184,-25610.246125928366,-27734.126718676
-15450.686364333144,-18893.402207196817,-22336.11805006049,-26672.186422302184,-25610.246125928366,-27734.126718676
-15439.287486747673,-18885.465129620305,-22331.642772492938,-26672.186422302184,-25610.246125928366,-27734.126718676
-15431.595445343622,-18877.41495807166,-22323.234470799693,-26672.186422302184,-25610.246125928366,-27734.126718676
-15423.172552662374,-18869.313049855245,-22315.453547048117,-26672.186422302184,-25610.246125928366,-27734.126718676
-15409.823853817055,-18861.240419926045,-22312.656986035036,-26672.186422302184,-25610.246125928366,-27734.126718676
-15403.675544756428,-18853.16460465075,-22302.65366454507,-26672.186422302184,-25610.246125928366,-27734.126718676
-15394.563288935231,-18845.255450664306,-22295.947612393382,-26672.186422302184,-25610.246125928366,-27734.126718676
-15383.727763853145,-18837.36079970586,-22290.993835558576,-26672.186422302184,-25610.246125928366,-27734.126718676
-15373.51372282952,-18829.493662649576,-22285.473602469632,-26672.186422302184,-25610.246125928366,-27734.126718676
-15367.026687250438,-18821.766392755704,-22276.506098260972,-26672.186422302184,-25610.246125928366,-27734.126718676
-15362.079569588568,-18814.168753565413,-22266.257937542257,-26672.186422302184,-25610.246125928366,-27734.126718676
-15354.79361137137,-18806.56293107701,-22258.33225078265,-26672.186422302184,-25610.246125928366,-27734.126718676
-15346.855437729702,-18798.930205960867,-22251.00497419203,-26672.186422302184,-25610.246125928366,-27734.126718676
-15338.40564931598,-18791.566434021086,-22244.72721872619,-26672.186422302184,-25610.246125928366,-27734.126718676
-15327.314225531172,-18784.22665575207,-22241.13908597297,-26672.186422302184,-25610.246125928366,-27734.126718676
-15318.359731722914,-18776.710060585876,-22235.060389448838,-26672.186422302184,-25610.246125928366,-27734.126718676
-15308.104909056086,-18769.148316662253,-22230.191724268418,-26672.186422302184,-25610.246125928366,-27734.126718676
-15302.942023164298,-18761.57430302959,-22220.20658289488,-26672.186422302184,-25610.246125928366,-27734.126718676
-15295.894075478358,-18754.092642368727,-22212.291209259096,-26672.186422302184,-25610.246125928366,-27734.126718676
-15285.078308535094,-18746.584930107336,-22208.09155167958,-26672.186422302184,-25610.246125928366,-27734.126718676
-15275.053656624767,-18739.044121550913,-22203.03458647706,-26672.186422302184,-25610.246125928366,-27734.126718676
-15272.561243081976,-18731.474010736383,-22190.38677839079,-26672.186422302184,-25610.246125928366,-27734.126718676
-15264.121512888209,-18723.74694184607,-22183.372370803932,-26672.186422302184,-25610.246125928366,-27734.126718676
-15257.286158992489,-18716.01163455284,-22174.737110113194,-26672.186422302184,-25610.246125928366,-27734.126718676
-15248.512056195937,-18708.650527652837,-22168.788999109736,-26672.186422302184,-25610.246125928366,-27734.126718676
-15243.58394221737,-18701.225878475045,-22158.86781473272,-26672.186422302184,-25610.246125928366,-27734.126718676
-15233.669446595497,-18693.768014966463,-22153.86658333743,-26672.186422302184,-25610.246125928366,-27734.126718676
-15226.692298562173,-18686.291880916502,-22145.89146327083,-26672.186422302184,-25610.246125928366,-27734.126718676
-15222.732922397623,-18678.813602773305,-22134.894283148988,-26672.186422302184,-25610.246125928366,-27734.126718676
-15216.071479185204,-18671.482708109284,-22126.893937033365,-26672.186422302184,-25610.246125928366,-27734.126718676
-15207.17297133162,-18664.304518850193,-22121.436066368766,-26672.186422302184,-25610.246125928366,-27734.126718676
-15194.566638074843,-18657.06467609626,-22119.562714117674,-26672.186422302184,-25610.246125928366,-27734.126718676
-15189.792463878599,-18649.8827719959,-22109.973080113203,-26672.186422302184,-25610.246125928366,-27734.126718676
-15181.141199998137,-18642.70259270384,-22104.263985409547,-26672.186422302184,-25610.246125928366,-27734.126718676
-15171.86587139052,-18635.428841858604,-22098.991812326687,-26672.186422302184,-25610.246125928366,-27734.126718676
-15163.918070456188,-18628.1772499935,-22092.43642953081,-26672.186422302184,-25610.246125928366,-27734.126718676
-15150.705386229638,-18621.02478867111,-22091.344191112585,-26672.186422302184,-25610.246125928366,-27734.126718676
-15141.103529083504,-18613.813767095973,-22086.524005108444,-26672.186422302184,-25610.246125928366,-27734.126718676
-15131.402468583301,-18606.422455536966,-22081.442442490632,-26672.186422302184,-25610.246125928366,-27734.126718676
-15126.60451552976,-18599.05232379378,-22071.500132057805,-26672.186422302184,-25610.246125928366,-27734.126718676
-15120.988907567336,-18591.693079201345,-22062.397250835354,-26672.186422302184,-25610.246125928366,-27734.126718676
-15117.727802755668,-18584.43266971993,-22051.13753668419,-26672.186422302184,-25610.246125928366,-27734.126718676
-15110.344066194419,-18577.18924333463,-22044.03442047484,-26672.186422302184,-25610.246125928366,-27734.126718676
-15102.244466238935,-18569.915066993664,-22037.585667748393,-26672.186422302184,-25610.246125928366,-27734.126718676
-15091.935102747526,-18562.775098284936,-22033.615093822344,-26672.186422302184,-25610.246125928366,-27734.126718676
-15084.09003349338,-18555.599695208115,-22027.10935692285,-26672.186422302184,-25610.246125928366,-27734.126718676
-15072.387584156248,-18548.416160762994,-22024.44473736974,-26672.186422302184,-25610.246125928366,-27734.126718676
-15067.889394215323,-18541.220267227138,-22014.551140238953,-26672.186422302184,-25610.246125928366,-27734.126718676
-15058.531232332085,-18533.965603475775,-22009.399974619468,-26672.186422302184,-25610.246125928366,-27734.126718676
-15050.295833878976,-18526.543790774445,-22002.791747669915,-26672.186422302184,-25610.246125928366,-27734.126718676
-15042.316910067311,-18519.150556595792,-21995.984203124273,-26672.186422302184,-25610.246125928366,-27734.126718676
-15034.229151009655,-18511.58849642389,-21988.947841838126,-26672.186422302184,-25610.246125928366,-27734.126718676
-15026.551285080703,-18503.77005338911,-21980.98882169752,-26672.186422302184,-25610.246125928366,-27734.126718676
-15019.704063752259,-18495.869253917524,-21972.03444408279,-26672.186422302184,-25610.246125928366,-27734.126718676
-15009.946722555178,-18487.978404946844,-21966.01008733851,-26672.186422302184,-25610.246125928366,-27734.126718676
-15002.781705927227,-18480.12958919718,-21957.47747246713,-26672.186422302184,-25610.246125928366,-27734.126718676
-14993.148523260124,-18472.275433894833,-21951.40234452954,-26672.186422302184,-25610.246125928366,-27734.126718676
-14980.41193171395,-18464.375222978782,-21948.338514243613,-26672.186422302184,-25610.246125928366,-27734.126718676
-14973.106119837152,-18456.492604147046,-21939.879088456943,-26672.186422302184,-25610.246125928366,-27734.126718676
-14963.007957394017,-18448.70764517548,-21934.407332956944,-26672.186422302184,-25610.246125928366,-27734.126718676
-14949.908779740355,-18440.75762256053,-21931.606465380704,-26672.186422302184,-25610.246125928366,-27734.126718676
-14942.925959219028,-18432.79883978303,-21922.671720347033,-26672.186422302184,-25610.246125928366,-27734.126718676
-14935.632299662491,-18424.92537650241,-21914.21845334233,-26672.186422302184,-25610.246125928366,-27734.126718676
-14923.67962124953,-18417.101820605232,-21910.524019960936,-26672.186422302184,-25610.246125928366,-27734.126718676
-14915.26208876233,-18409.220746850722,-21903.179404939114,-26672.186422302184,-25610.246125928366,-27734.126718676
-14901.388711424575,-18401.229803232123,-21901.07089503967,-26672.186422302184,-25610.246125928366,-27734.126718676
-14886.17977528653,-18393.1805952695,-21900.181415252468,-26672.186422302184,-25610.246125928366,-27734.126718676
-14874.018911385176,-18385.554547183117,-21897.09018298106,-26672.186422302184,-25610.246125928366,-27734.126718676
-14865.707385406102,-18377.932164527363,-21890.156943648624,-26672.186422302184,-25610.246125928366,-27734.126718676
-14853.615135729671,-18370.109996749383,-21886.604857769096,-26672.186422302184,-25610.246125928366,-27734.126718676
-14843.619464883664,-18362.249562740923,-21880.87966059818,-26672.186422302184,-25610.246125928366,-27734.126718676
-14836.695877745628,-18354.382554614247,-21872.069231482867,-26672.186422302184,-25610.246125928366,-27734.126718676
-14829.782525766377,-18346.446671641886,-21863.110817517394,-26672.186422302184,-25610.246125928366,-27734.126718676
-14819.440954148193,-18338.21009480989,-21856.979235471583,-26672.186422302184,-25610.246125928366,-27734.126718676
-14810.045375999893,-18329.879206196856,-21849.71303639382,-26672.186422302184,-25610.246125928366,-27734.126718676
-14802.763085383049,-18321.738564604162,-21840.714043825275,-26672.186422302184,-25610.246125928366,-27734.126718676
-14793.685530928276,-18313.72890674701,-21833.77228256574,-26672.186422302184,-25610.246125928366,-27734.126718676
-14785.331529499632,-18305.564690049185,-21825.797850598738,-26672.186422302184,-25610.246125928366,-27734.126718676
-14776.347339363128,-18297.3886336287,-21818.42992789427,-26672.186422302184,-25610.246125928366,-27734.126718676
-14768.663099750771,-18289.206831214666,-21809.75056267856,-26672.186422302184,-25610.246125928366,-27734.126718676
-14761.634478898828,-18281.186840988685,-21800.73920307854,-26672.186422302184,-25610.246125928366,-27734.126718676
-14750.016006133415,-18273.231857508858,-21796.447708884298,-26672.186422302184,-25610.246125928366,-27734.126718676
-14738.608361078286,-18265.239504786656,-21791.870648495023,-26672.186422302184,-25610.246125928366,-27734.126718676
-14731.740660003768,-18257.248510571975,-21782.756361140182,-26672.186422302184,-25610.246125928366,-27734.126718676
-14718.830701367857,-18249.14767616186,-21779.464650955866,-26672.186422302184,-25610.246125928366,-27734.126718676
-14704.472958459515,-18240.955888382214,-21777.438818304912,-26672.186422302184,-25610.246125928366,-27734.126718676
-14690.732935532229,-18232.833481675923,-21774.934027819618,-26672.186422302184,-25610.246125928366,-27734.126718676
-14681.918777040768,-18224.601052741313,-21767.28332844186,-26672.186422302184,-25610.246125928366,-27734.126718676
-14669.995447508518,-18216.36677156814,-21762.738095627763,-26672.186422302184,-25610.246125928366,-27734.126718676
-14656.13208806412,-18208.000297476086,-21759.86850688805,-26672.186422302184,-25610.246125928366,-27734.126718676
-14644.948278258795,-18199.692334766034,-21754.436391273273,-26672.186422302184,-25610.246125928366,-27734.126718676
-14635.549544345016,-18191.460794401843,-21747.37204445867,-26672.186422302184,-25610.246125928366,-27734.126718676
-14625.874401549725,-18183.261956359805,-21740.649511169886,-26672.186422302184,-25610.246125928366,-27734.126718676
-14616.20731199958,-18174.985444657897,-21733.763577316215,-26672.186422302184,-25610.246125928366,-27734.126718676
-14604.252700042834,-18166.72176225985,-21729.190824476867,-26672.186422302184,-25610.246125928366,-27734.126718676
-14596.14247756033,-18158.443460381553,-21720.744443202777,-26672.186422302184,-25610.246125928366,-27734.126718676
-14586.871077113308,-18150.148049145242,-21713.425021177176,-26672.186422302184,-25610.246125928366,-27734.126718676
-14576.041466579292,-18142.062982165775,-21708.084497752257,-26672.186422302184,-25610.246125928366,-27734.126718676
-14566.329962017253,-18134.045272656404,-21701.760583295556,-26672.186422302184,-25610.246125928366,-27734.126718676
-14558.409539309283,-18125.66029454536,-21692.911049781436,-26672.186422302184,-25610.246125928366,-27734.126718676
-14548.472089555205,-18117.192224326136,-21685.912359097067,-26672.186422302184,-25610.246125928366,-27734.126718676
-14537.716014945769,-18108.313351541616,-21678.91068813746,-26672.186422302184,-25610.246125928366,-27734.126718676
-14526.809989895582,-18099.47398775966,-21672.137985623733,-26672.186422302184,-25610.246125928366,-27734.126718676
-14518.23734804335,-18090.72171743129,-21663.20608681923,-26672.186422302184,-25610.246125928366,-27734.126718676
-14507.248037234636,-18081.88322378973,-21656.518410344823,-26672.186422302184,-25610.246125928366,-27734.126718676
-14498.276636941391,-18073.01372042321,-21647.750803905026,-26672.186422302184,-25610.246125928366,-27734.126718676
-14487.462265064662,-18064.22185382432,-21640.98144258398,-26672.186422302184,-25610.246125928366,-27734.126718676
-14478.405666478393,-18055.443519228727,-21632.48137197906,-26672.186422302184,-25610.246125928366,-27734.126718676
-14466.509726915894,-18046.563329917768,-21626.616932919642,-26672.186422302184,-25610.246125928366,-27734.126718676
-14456.471628861622,-18037.714193457647,-21618.95675805367,-26672.186422302184,-25610.246125928366,-27734.126718676
-14450.109119184606,-18029.02875982849,-21607.94840047237,-26672.186422302184,-25610.246125928366,-27734.126718676
-14442.667980261107,-18020.434026319646,-21598.200072378186,-26672.186422302184,-25610.246125928366,-27734.126718676
-14431.537910768944,-18011.823480391635,-21592.109050014325,-26672.186422302184,-25610.246125928366,-27734.126718676
-14421.284814779836,-18003.19926350306,-21585.11371222628,-26672.186422302184,-25610.246125928366,-27734.126718676
-14414.988574532106,-17994.663071670817,-21574.337568809526,-26672.186422302184,-25610.246125928366,-27734.126718676
-14406.569317654206,-17986.32010806949,-21566.070898484773,-26672.186422302184,-25610.246125928366,-27734.126718676
-14393.66697598164,-17978.037386085965,-21562.40779619029,-26672.186422302184,-25610.246125928366,-27734.126718676
-14388.573087491473,-17969.817700714586,-21551.0623139377,-26672.186422302184,-25610.246125928366,-27734.126718676
-14380.12730515806,-17961.60107752593,-21543.0748498938,-26672.186422302184,-25610.246125928366,-27734.126718676
-14367.35474632762,-17953.383261666324,-21539.41177700503,-26672.186422302184,-25610.246125928366,-27734.126718676
-14356.864411822218,-17945.169712460778,-21533.475013099338,-26672.186422302184,-25610.246125928366,-27734.126718676
-14348.186255265271,-17936.9649667976,-21525.74367832993,-26672.186422302184,-25610.246125928366,-27734.126718676
-14338.668300198504,-17928.74659462832,-21518.824889058134,-26672.186422302184,-25610.246125928366,-27734.126718676
-14332.196351642906,-17920.57930947666,-21508.962267310413,-26672.186422302184,-25610.246125928366,-27734.126718676
-14324.13437995916,-17912.420369588697,-21500.706359218235,-26672.186422302184,-25610.246125928366,-27734.126718676
-14315.088180155102,-17904.242638875934,-21493.397097596764,-26672.186422302184,-25610.246125928366,-27734.126718676
-14303.811068026069,-17896.018274497543,-21488.225480969017,-26672.186422302184,-25610.246125928366,-27734.126718676
-14293.824776167858,-17887.804055149543,-21481.78333413123,-26672.186422302184,-25610.246125928366,-27734.126718676
-14285.885021520602,-17879.639800990917,-21473.39458046123,-26672.186422302184,-25610.246125928366,-27734.126718676
-14275.230347592304,-17871.50549020707,-21467.780632821836,-26672.186422302184,-25610.246125928366,-27734.126718676
-14264.477277906972,-17863.355429612926,-21462.23358131888,-26672.186422302184,-25610.246125928366,-27734.126718676
-14254.610716266989,-17855.25927634352,-21455.90783642005,-26672.186422302184,-25610.246125928366,-27734.126718676
-14243.270146682828,-17847.196266614978,-21451.122386547126,-26672.186422302184,-25610.246125928366,-27734.126718676
-14234.297806913695,-17839.364468959084,-21444.431131004472,-26672.186422302184,-25610.246125928366,-27734.126718676
-14221.885951229628,-17831.48321343476,-21441.080475639894,-26672.186422302184,-25610.246125928366,-27734.126718676
-14211.910262488484,-17823.65766407495,-21435.40506566142,-26672.186422302184,-25610.246125928366,-27734.126718676
-14201.276005451113,-17816.01684580514,-21430.75768615917,-26672.186422302184,-25610.246125928366,-27734.126718676
-14194.229129811352,-17808.237684459982,-21422.246239108612,-26672.186422302184,-25610.246125928366,-27734.126718676
-14184.48381924686,-17800.426859819578,-21416.369900392296,-26672.186422302184,-25610.246125928366,-27734.126718676
-14176.01021808293,-17792.597253715987,-21409.184289349043,-26672.186422302184,-25610.246125928366,-27734.126718676
-14167.912522241337,-17784.80360509169,-21401.694687942043,-26672.186422302184,-25610.246125928366,-27734.126718676
-14157.80924769983,-17777.049280207906,-21396.289312715984,-26672.186422302184,-25610.246125928366,-27734.126718676
-14145.820109976146,-17769.322332202817,-21392.824554429488,-26672.186422302184,-25610.246125928366,-27734.126718676
-14136.543049224427,-17761.55972285981,-21386.57639649519,-26672.186422302184,-25610.246125928366,-27734.126718676
-14125.039689748875,-17753.91015515394,-21382.780620559002,-26672.186422302184,-25610.246125928366,-27734.126718676
-14113.915277340482,-17746.22986292623,-21378.544448511977,-26672.186422302184,-25610.246125928366,-27734.126718676
-14105.439742662642,-17738.693325430842,-21371.946908199043,-26672.186422302184,-25610.246125928366,-27734.126718676
-14097.602571374111,-17731.31723469678,-21365.03189801945,-26672.186422302184,-25610.246125928366,-27734.126718676
-14090.083491724447,-17723.89348794861,-21357.703484172776,-26672.186422302184,-25610.246125928366,-27734.126718676
-14080.03337617304,-17716.448446329363,-21352.863516485686,-26672.186422302184,-25610.246125928366,-27734.126718676
-14071.933673593368,-17708.74321322261,-21345.55275285185,-26672.186422302184,-25610.246125928366,-27734.126718676
-14064.21296494162,-17701.08212689104,-21337.95128884046,-26672.186422302184,-25610.246125928366,-27734.126718676
-14054.980373009264,-17693.33577275228,-21331.6911724953,-26672.186422302184,-25610.246125928366,-27734.126718676
-14047.900825979035,-17685.60503425805,-21323.309242537063,-26672.186422302184,-25610.246125928366,-27734.126718676
-14037.482770321105,-17677.87934021284,-21318.275910104574,-26672.186422302184,-25610.246125928366,-27734.126718676
-14030.005595995846,-17670.329713846724,-21310.653831697604,-26672.186422302184,-25610.246125928366,-27734.126718676
-14022.782522143354,-17662.829854257267,-21302.877186371177,-26672.186422302184,-25610.246125928366,-27734.126718676
-14012.872457537778,-17655.354823739854,-21297.83718994193,-26672.186422302184,-25610.246125928366,-27734.126718676
-14006.311015917034,-17647.92319736649,-21289.53537881595,-26672.186422302184,-25610.246125928366,-27734.126718676
-14000.817701581977,-17640.56553247243,-21280.313363362882,-26672.186422302184,-25610.246125928366,-27734.126718676
-13996.019514816442,-17633.246782102706,-21270.47404938897,-26672.186422302184,-25610.246125928366,-27734.126718676
-13990.947957070233,-17626.077086805642,-21261.20621654105,-26672.186422302184,-25610.246125928366,-27734.126718676
-13983.371179896285,-17618.873188412155,-21254.375196928024,-26672.186422302184,-25610.246125928366,-27734.126718676
-13976.126187696813,-17611.65175862704,-21247.177329557264,-26672.186422302184,-25610.246125928366,-27734.126718676
-13971.004441469897,-17604.61341179344,-21238.222382116986,-26672.186422302184,-25610.246125928366,-27734.126718676
-13962.684768727588,-17597.544814453136,-21232.404860178685,-26672.186422302184,-25610.246125928366,-27734.126718676
-13951.820027190017,-17590.519667419034,-21229.21930764805,-26672.186422302184,-25610.246125928366,-27734.126718676
-13941.991651577007,-17583.384963296674,-21224.77827501634,-26672.186422302184,-25610.246125928366,-27734.126718676
-13934.585012512462,-17576.43611812121,-21218.28722372996,-26672.186422302184,-25610.246125928366,-27734.126718676
-13925.229401538807,-17569.557694155385,-21213.885986771962,-26672.186422302184,-25610.246125928366,-27734.126718676
-13923.882610800156,-17562.649990468788,-21201.41737013742,-26672.186422302184,-25610.246125928366,-27734.126718676
-13915.125559135418,-17555.749661223985,-21196.37376331255,-26672.186422302184,-25610.246125928366,-27734.126718676
-13908.049692512326,-17548.985768684903,-21189.92184485748,-26672.186422302184,-25610.246125928366,-27734.126718676
-13898.618578258684,-17542.24545129725,-21185.872324335818,-26672.186422302184,-25610.246125928366,-27734.126718676
-13889.995881550427,-17535.460422886965,-21180.924964223505,-26672.186422302184,-25610.246125928366,-27734.126718676
-13883.75263873702,-17528.68644645554,-21173.62025417406,-26672.186422302184,-25610.246125928366,-27734.126718676
-13875.707504322148,-17522.127377750978,-21168.547251179807,-26672.186422302184,-25610.246125928366,-27734.126718676
-13870.565809184953,-17515.52804943246,-21160.49028967997,-26672.186422302184,-25610.246125928366,-27734.126718676
-13862.28045998663,-17508.939809640775,-21155.599159294918,-26672.186422302184,-25610.246125928366,-27734.126718676
-13859.947832876987,-17502.456844782762,-21144.965856688537,-26672.186422302184,-25610.246125928366,-27734.126718676
-13852.732718196974,-17496.071784315416,-21139.41085043386,-26672.186422302184,-25610.246125928366,-27734.126718676
-13845.766825549039,-17489.63670501842,-21133.5065844878,-26672.186422302184,-25610.246125928366,-27734.126718676
-13833.834558826713,-17483.422670460954,-21133.010782095193,-26672.186422302184,-25610.246125928366,-27734.126718676
-13828.39276572296,-17477.17652488443,-21125.960284045905,-26672.186422302184,-25610.246125928366,-27734.126718676
-13825.107073489136,-17471.05519937553,-21117.00332526192,-26672.186422302184,-25610.246125928366,-27734.126718676
-13818.509691796782,-17464.927657756714,-21111.345623716647,-26672.186422302184,-25610.246125928366,-27734.126718676
-13810.899254972372,-17458.809490955344,-21106.719726938318,-26672.186422302184,-25610.246125928366,-27734.126718676
-13805.856059352995,-17452.7546768324,-21099.653294311804,-26672.186422302184,-25610.246125928366,-27734.126718676
-13800.50529166548,-17446.827591264806,-21093.149890864133,-26672.186422302184,-25610.246125928366,-27734.126718676
-13797.08796728719,-17440.892965235922,-21084.697963184655,-26672.186422302184,-25610.246125928366,-27734.126718676
-13786.83941487108,-17434.86089654494,-21082.882378218797,-26672.186422302184,-25610.246125928366,-27734.126718676
-13784.559677984715,-17428.844743228383,-21073.12980847205,-26672.186422302184,-25610.246125928366,-27734.126718676
-13775.365805552137,-17422.82682416546,-21070.28784277878,-26672.186422302184,-25610.246125928366,-27734.126718676
-13768.890058998168,-17416.84615638245,-21064.80225376673,-26672.186422302184,-25610.246125928366,-27734.126718676
-13763.31840401191,-17411.18489650501,-21059.05138899811,-26672.186422302184,-25610.246125928366,-27734.126718676
-13755.66448188121,-17405.604473128205,-21055.5444643752,-26672.186422302184,-25610.246125928366,-27734.126718676
-13753.487054644236,-17400.386907231456,-21047.286759818675,-26672.186422302184,-25610.246125928366,-27734.126718676
-13748.796192904607,-17395.17813679155,-21041.560080678493,-26672.186422302184,-25610.246125928366,-27734.126718676
-13744.801004127105,-17389.93219173249,-21035.063379337873,-26672.186422302184,-25610.246125928366,-27734.126718676
-13739.35848382537,-17384.750650269958,-21030.142816714546,-26672.186422302184,-25610.246125928366,-27734.126718676
-13737.075863211177,-17379.543423154057,-21022.010983096938,-26672.186422302184,-25610.246125928366,-27734.126718676
-13733.883400415983,-17374.3176036537,-21014.751806891418,-26672.186422302184,-25610.246125928366,-27734.126718676
-13729.2216230247,-17369.105560938773,-21008.989498852847,-26672.186422302184,-25610.246125928366,-27734.126718676
-13727.457269869634,-17363.824115780382,-21000.19096169113,-26672.186422302184,-25610.246125928366,-27734.126718676
-13722.906582419913,-17358.529281222873,-20994.151980025832,-26672.186422302184,-25610.246125928366,-27734.126718676
-13715.004173111276,-17353.22096425291,-20991.43775539454,-26672.186422302184,-25610.246125928366,-27734.126718676
-13708.408817421723,-17347.821688227716,-20987.23455903371,-26672.186422302184,-25610.246125928366,-27734.126718676
-13700.870839160343,-17342.430512643314,-20983.990186126284,-26672.186422302184,-25610.246125928366,-27734.126718676
-13698.279145276625,-17337.087088308956,-20975.895031341286,-26672.186422302184,-25610.246125928366,-27734.126718676
-13690.398108224374,-17331.707738362635,-20973.017368500896,-26672.186422302184,-25610.246125928366,-27734.126718676
-13683.893363344407,-17326.379054438545,-20968.864745532683,-26672.186422302184,-25610.246125928366,-27734.126718676
-13673.721355496895,-17321.044343205638,-20968.36733091438,-26672.186422302184,-25610.246125928366,-27734.126718676
-13664.560019663699,-17315.76729248229,-20966.974565300883,-26672.186422302184,-25610.246125928366,-27734.126718676
-13656.086231607806,-17310.461739219292,-20964.83724683078,-26672.186422302184,-25610.246125928366,-27734.126718676
-13652.438891547237,-17305.076762958106,-20957.714634368975,-26672.186422302184,-25610.246125928366,-27734.126718676
-13647.891368797375,-17299.708393731333,-20951.52541866529,-26672.186422302184,-25610.246125928366,-27734.126718676
-13642.60697774472,-17294.2016549728,-20945.79633220088,-26672.186422302184,-25610.246125928366,-27734.126718676
-13635.925624589545,-17288.732548750828,-20941.53947291211,-26672.186422302184,-25610.246125928366,-27734.126718676
-13628.068413397585,-17282.998564947244,-20937.928716496903,-26672.186422302184,-25610.246125928366,-27734.126718676
-13620.608008578074,-17277.259187495052,-20933.91036641203,-26672.186422302184,-25610.246125928366,-27734.126718676
-13616.852277497665,-17271.52129239099,-20926.190307284316,-26672.186422302184,-25610.246125928366,-27734.126718676
-13613.030122071934,-17265.804873301822,-20918.57962453171,-26672.186422302184,-25610.246125928366,-27734.126718676
-13607.898464071306,-17260.098416669374,-20912.298369267442,-26672.186422302184,-25610.246125928366,-27734.126718676
-13602.530718461168,-17254.287853532656,-20906.044988604142,-26672.186422302184,-25610.246125928366,-27734.126718676
-13597.521613428997,-17248.587336168926,-20899.653058908858,-26672.186422302184,-25610.246125928366,-27734.126718676
-13592.911921237855,-17242.889272937962,-20892.86662463807,-26672.186422302184,-25610.246125928366,-27734.126718676
-13588.873250215653,-17236.856429099596,-20884.83960798354,-26672.186422302184,-25610.246125928366,-27734.126718676
-13584.052809756431,-17230.708021026225,-20877.36323229602,-26672.186422302184,-25610.246125928366,-27734.126718676
-13576.477619334411,-17224.496063572322,-20872.514507810232,-26672.186422302184,-25610.246125928366,-27734.126718676
-13571.420604769759,-17218.35187712737,-20865.28314948498,-26672.186422302184,-25610.246125928366,-27734.126718676
-13567.156394170066,-17212.017375006057,-20856.878355842047,-26672.186422302184,-25610.246125928366,-27734.126718676
-13559.735677521918,-17205.615526788446,-20851.495376054976,-26672.186422302184,-25610.246125928366,-27734.126718676
-13550.351288303124,-17199.22656107842,-20848.101833853718,-26672.186422302184,-25610.246125928366,-27734.126718676
-13543.86347378134,-17192.86996372034,-20841.876453659337,-26672.186422302184,-25610.246125928366,-27734.126718676
-13537.6634569796,-17186.496664001243,-20835.329871022885,-26672.186422302184,-25610.246125928366,-27734.126718676
-13532.009668924115,-17180.04652312566,-20828.083377327206,-26672.186422302184,-25610.246125928366,-27734.126718676
-13527.830370691101,-17173.43625895703,-20819.042147222957,-26672.186422302184,-25610.246125928366,-27734.126718676
-13525.046599391058,-17166.76621171712,-20808.485824043182,-26672.186422302184,-25610.246125928366,-27734.126718676
-13519.209790521472,-17160.18374428827,-20801.15769805507,-26672.186422302184,-25610.246125928366,-27734.126718676
-13514.326592324483,-17153.403438393616,-20792.48028446275,-26672.186422302184,-25610.246125928366,-27734.126718676
-13512.372929830695,-17146.342770529038,-20780.312611227382,-26672.186422302184,-25610.246125928366,-27734.126718676
-13504.33974406417,-17139.100829341292,-20773.861914618414,-26672.186422302184,-25610.246125928366,-27734.126718676
-13493.481022360755,-17131.925037390778,-20770.3690524208,-26672.186422302184,-25610.246125928366,-27734.126718676
-13485.97391496963,-17124.529415127185,-20763.084915284737,-26672.186422302184,-25610.246125928366,-27734.126718676
-13481.84850754883,-17116.74163339552,-20751.634759242206,-26672.186422302184,-25610.246125928366,-27734.126718676
-13475.290201447024,-17109.258042499812,-20743.2258835526,-26672.186422302184,-25610.246125928366,-27734.126718676
-13465.654890573402,-17101.671604567186,-20737.68831856097,-26672.186422302184,-25610.246125928366,-27734.126718676
-13461.89864976453,-17094.143655196123,-20726.388660627716,-26672.186422302184,-25610.246125928366,-27734.126718676
-13454.43361858055,-17086.523470991728,-20718.613323402908,-26672.186422302184,-25610.246125928366,-27734.126718676
-13446.57286605434,-17078.509659466083,-20710.446452877826,-26672.186422302184,-25610.246125928366,-27734.126718676
-13439.488552921228,-17070.37232831513,-20701.25610370903,-26672.186422302184,-25610.246125928366,-27734.126718676
-13430.446971028528,-17061.218998732213,-20691.9910264359,-26672.186422302184,-25610.246125928366,-27734.126718676
-13430.446971028528,-17061.218998732213,-20691.9910264359,-26672.186422302184,-25610.246125928366,-27734.126718676
-13430.446971028528,-17061.218998732213,-20691.9910264359,-26672.186422302184,-25610.246125928366,-27734.126718676
-13430.446971028528,-17061.218998732213,-20691.9910264359,-26672.186422302184,-25610.246125928366,-27734.126718676
-13430.446971028528,-17061.218998732213,-20691.9910264359,-26672.186422302184,-25610.246125928366,-27734.126718676
-13430.446971028528,-17061.218998732213,-20691.9910264359,-26672.186422302184,-25610.246125928366,-27734.126718676
-13430.446971028528,-17061.218998732213,-20691.9910264359,-26672.186422302184,-25610.246125928366,-27734.126718676
-13430.446971028528,-17061.218998732213,-20691.9910264359,-26672.186422302184,-25610.246125928366,-27734.126718676
-13430.446971028528,-17061.218998732213,-20691.9910264359,-26672.186422302184,-25610.246125928366,-27734.126718676
-13430.446971028528,-17061.218998732213,-20691.9910264359,-26672.186422302184,-25610.246125928366,-27734.126718676
-13430.446971028528,-17061.218998732213,-20691.9910264359,-26672.186422302184,-25610.246125928366,-27734.126718676
-13430.446971028528,-17061.218998732213,-20691.9910264359,-26672.186422302184,-25610.246125928366,-27734.126718676
-13430.446971028528,-17061.218998732213,-20691.9910264359,-26672.186422302184,-25610.246125928366,-27734.126718676
-13430.446971028528,-17061.218998732213,-20691.9910264359,-26672.186422302184,-25610.246125928366,-27734.126718676
-13430.446971028528,-17061.218998732213,-20691.9910264359,-26672.186422302184,-25610.246125928366,-27734.126718676
-13430.446971028528,-17061.218998732213,-20691.9910264359,-26672.186422302184,-25610.246125928366,-27734.126718676
-13430.446971028528,-17061.218998732213,-20691.9910264359,-26672.186422302184,-25610.246125928366,-27734.126718676
-13430.446971028528,-17061.218998732213,-20691.9910264359,-26672.186422302184,-25610.246125928366,-27734.126718676
-13430.446971028528,-17061.218998732213,-20691.9910264359,-26672.186422302184,-25610.246125928366,-27734.126718676
-13430.446971028528,-17061.218998732213,-20691.9910264359,-26672.186422302184,-25610.246125928366,-27734.126718676
-13430.446971028528,-17061.218998732213,-20691.9910264359,-26672.186422302184,-25610.246125928366,-27734.126718676
-13430.446971028528,-17061.218998732213,-20691.9910264359,-26672.186422302184,-25610.246125928366,-27734.126718676
-13430.446971028528,-17061.218998732213,-20691.9910264359,-26672.186422302184,-25610.246125928366,-27734.126718676
-13430.446971028528,-17061.218998732213,-20691.9910264359,-26672.186422302184,-25610.246125928366,-27734.126718676
-13430.446971028528,-17061.218998732213,-20691.9910264359,-26672.186422302184,-25610.246125928366,-27734.126718676
-13430.446971028528,-17061.218998732213,-20691.9910264359,-26672.186422302184,-25610.246125928366,-27734.126718676
-13430.446971028528,-17061.218998732213,-20691.9910264359,-26672.186422302184,-25610.246125928366,-27734.126718676
-13430.446971028528,-17061.218998732213,-20691.9910264359,-26672.186422302184,-25610.246125928366,-27734.126718676
-13430.446971028528,-17061.218998732213,-20691.9910264359,-26672.186422302184,-25610.246125928366,-27734.126718676
-13430.446971028528,-17061.218998732213,-20691.9910264359,-26672.186422302184,-25610.246125928366,-27734.126718676
-13430.446971028528,-17061.218998732213,-20691.9910264359,-26672.186422302184,-25610.246125928366,-27734.126718676
-13430.446971028528,-17061.218998732213,-20691.9910264359,-26672.186422302184,-25610.246125928366,-27734.126718676
-13430.446971028528,-17061.218998732213,-20691.9910264359,-26672.186422302184,-25610.246125928366,-27734.126718676
-13430.446971028528,-17061.218998732213,-20691.9910264359,-26672.186422302184,-25610.246125928366,-27734.126718676
-13430.446971028528,-17061.218998732213,-20691.9910264359,-26672.186422302184,-25610.246125928366,-27734.126718676
-13430.446971028528,-17061.218998732213,-20691.9910264359,-26672.186422302184,-25610.246125928366,-27734.126718676
-13430.446971028528,-17061.218998732213,-20691.9910264359,-26672.186422302184,-25610.246125928366,-27734.126718676
-13430.446971028528,-17061.218998732213,-20691.9910264359,-26672.186422302184,-25610.246125928366,-27734.126718676
-13430.446971028528,-17061.218998732213,-20691.9910264359,-26672.186422302184,-25610.246125928366,-27734.126718676
-13430.446971028528,-17061.218998732213,-20691.9910264359,-26672.186422302184,-25610.246125928366,-27734.126718676
-13430.446971028528,-17061.218998732213,-20691.9910264359,-26672.186422302184,-25610.246125928366,-27734.126718676
-13430.446971028528,-17061.218998732213,-20691.9910264359,-26672.186422302184,-25610.246125928366,-27734.126718676
-13430.446971028528,-17061.218998732213,-20691.9910264359,-26672.186422302184,-25610.246125928366,-27734.126718676
-13430.446971028528,-17061.218998732213,-20691.9910264359,-26672.186422302184,-25610.246125928366,-27734.126718676
-13430.446971028528,-17061.218998732213,-20691.9910264359,-26672.186422302184,-25610.246125928366,-27734.126718676
-13430.446971028528,-17061.218998732213,-20691.9910264359,-26672.186422302184,-25610.246125928366,-27734.126718676
-13430.446971028528,-17061.218998732213,-20691.9910264359,-26672.186422302184,-25610.246125928366,-27734.126718676
-13430.446971028528,-17061.218998732213,-20691.9910264359,-26672.186422302184,-25610.246125928366,-27734.126718676
